Таблиця оцінок альтернатив А1-А15 за критеріями к1-к12
 8  9  3  10  7  10  7  5  5  6  4  6 
 7  4  10  4  8  5  1  6  10  9  8  3 
 8  3  1  2  2  7  5  7  4  1  3  4 
 7  3  10  3  1  2  4  8  7  8  7  7 
 7  10  3  2  7  4  8  4  2  6  3  9 
 9  7  8  3  9  6  7  4  8  5  6  5 
 7  1  9  2  5  4  5  3  6  9  7  6 
 4  1  2  4  3  10  7  3  2  3  9  5 
 6  5  7  2  6  7  7  4  3  3  8  2 
 6  6  10  10  1  9  5  2  4  5  2  2 
 7  2  1  1  3  6  8  5  9  5  8  6 
 5  4  2  5  9  9  1  9  6  9  10  3 
 8  8  4  5  9  3  1  9  7  8  9  7 
 5  2  10  8  1  8  7  10  8  1  8  5 
 5  3  10  2  4  6  6  1  1  6  2  1 
Вагові коефіцієнти критеріїв к1-к12:
6 5 5 8 7 10 8 4 6 3 4 6
Значення порогів для індексів узгодження та неузгодження c, d
0.736 0.461
