Таблиця оцінок альтернатив А1-А15 за критеріями к1-к12
 1  1  1  2  8  7  6  8  9  7  1  6 
 7  9  8  5  7  5  4  4  6  8  2  3 
 4  10  5  6  8  4  3  4  2  10  1  9 
 1  3  1  4  7  1  3  10  3  10  4  9 
 5  1  5  7  2  3  3  1  1  7  9  1 
 10  9  8  7  6  10  4  6  6  7  1  5 
 2  7  3  4  8  7  8  9  4  10  4  9 
 1  3  3  5  9  7  9  9  7  7  10  6 
 3  10  2  2  2  5  4  6  5  3  3  1 
 2  8  3  10  2  9  5  3  3  6  10  2 
 2  10  5  9  3  1  7  4  7  1  3  5 
 4  1  4  1  6  5  1  9  3  3  10  5 
 3  7  10  9  4  3  7  4  10  7  4  3 
 8  6  3  8  6  2  6  6  4  8  2  10 
 1  3  7  1  1  5  6  1  6  2  5  8 
Вагові коефіцієнти критеріїв к1-к12:
7 3 3 9 1 8 10 8 3 9 2 8
Значення порогів для індексів узгодження та неузгодження c, d
0.773 0.237
