Таблиця оцінок альтернатив А1-А15 за критеріями к1-к12
 6  1  9  8  3  5  9  5  7  2  1  5 
 6  9  1  6  1  10  1  6  7  4  7  2 
 3  3  10  3  3  2  3  10  7  7  2  8 
 4  10  2  9  10  4  10  5  10  5  4  5 
 9  7  8  5  6  8  7  7  7  4  5  3 
 10  3  6  7  8  3  1  6  7  1  9  6 
 8  10  6  5  4  7  10  5  1  2  1  1 
 10  10  4  10  7  9  5  5  6  1  2  10 
 7  1  4  4  9  5  8  7  9  10  7  5 
 4  7  5  7  2  7  5  5  2  1  8  3 
 5  3  3  6  3  3  3  2  3  7  8  2 
 2  7  3  8  5  1  3  1  3  8  6  4 
 4  1  4  2  10  8  3  7  8  5  6  1 
 10  2  8  9  4  4  4  2  3  10  2  5 
 2  10  5  5  8  5  7  6  8  6  3  9 
Вагові коефіцієнти критеріїв к1-к12:
10 3 1 10 2 4 9 10 4 6 1 8
Значення порогів для індексів узгодження та неузгодження c, d
0.671 0.300
