Таблиця оцінок альтернатив А1-А15 за критеріями к1-к12
 2  7  5  2  8  10  10  2  4  1  4  8 
 3  3  1  7  10  1  3  9  7  8  6  10 
 4  6  3  10  9  2  10  4  1  7  6  6 
 1  2  2  1  2  4  6  3  6  2  9  9 
 10  3  1  9  5  9  7  5  4  6  4  5 
 5  3  4  9  2  6  1  9  10  3  8  10 
 8  6  8  4  3  2  1  2  10  7  7  4 
 9  3  5  2  2  1  6  1  5  1  1  6 
 8  8  9  8  9  9  9  5  7  4  7  9 
 8  7  1  1  10  3  4  6  10  8  10  6 
 4  7  8  9  2  6  10  9  3  6  5  6 
 4  9  5  2  1  8  6  4  4  3  6  4 
 10  4  5  10  8  8  5  6  7  3  2  4 
 1  5  1  3  4  1  6  9  5  1  6  5 
 3  10  4  10  1  1  6  3  9  1  8  5 
Вагові коефіцієнти критеріїв к1-к12:
10 7 2 6 6 8 9 10 10 9 4 8
Значення порогів для індексів узгодження та неузгодження c, d
0.570 0.371
