Таблиця оцінок альтернатив А1-А15 за критеріями к1-к12
 7  7  10  10  1  2  1  1  5  1  9  1 
 4  9  7  1  6  8  7  7  8  2  5  2 
 10  1  6  10  4  4  2  6  4  1  4  2 
 2  9  8  8  2  3  9  2  5  3  9  9 
 1  10  8  9  2  3  7  10  3  3  3  2 
 10  7  5  8  10  4  10  7  4  9  5  6 
 7  7  10  4  3  1  1  7  7  9  1  5 
 7  10  10  4  6  7  2  2  10  9  7  8 
 5  5  7  7  8  8  3  4  7  7  6  6 
 9  4  1  8  5  9  5  2  2  7  1  3 
 8  3  9  3  3  8  7  3  5  9  2  8 
 8  7  2  5  3  5  7  1  1  6  6  9 
 7  2  4  3  6  3  4  5  7  5  4  7 
 6  4  9  5  2  10  6  9  5  10  9  3 
 7  8  3  3  7  4  2  3  2  7  6  1 
Вагові коефіцієнти критеріїв к1-к12:
8 7 7 7 6 4 1 3 5 8 10 7
Значення порогів для індексів узгодження та неузгодження c, d
0.690 0.492
