Таблиця оцінок альтернатив А1-А15 за критеріями к1-к12
 3  6  5  7  1  9  4  5  5  9  8  8 
 1  4  6  3  5  9  7  5  1  4  9  10 
 5  7  10  5  8  7  1  2  8  6  2  2 
 2  6  8  3  6  7  8  4  9  6  1  1 
 8  2  7  4  4  5  2  6  7  6  1  3 
 1  6  4  3  4  8  8  5  2  3  9  5 
 1  10  4  10  2  2  10  1  5  2  2  4 
 5  9  10  7  9  7  7  9  6  6  7  10 
 8  5  3  1  10  9  7  8  9  2  4  10 
 8  3  9  9  3  1  5  10  10  1  6  5 
 9  8  3  6  2  3  4  9  6  8  6  2 
 3  9  1  4  3  5  7  8  1  9  5  6 
 9  7  1  9  2  10  6  6  1  5  2  10 
 9  4  5  7  3  1  9  6  6  8  9  1 
 7  6  9  3  1  7  5  7  4  5  1  9 
Вагові коефіцієнти критеріїв к1-к12:
1 7 8 6 9 2 8 3 2 3 2 8
Значення порогів для індексів узгодження та неузгодження c, d
0.657 0.257
