Таблиця оцінок альтернатив А1-А15 за критеріями к1-к12
 5  10  6  1  8  5  7  8  9  9  9  3 
 4  10  7  7  7  10  5  6  4  10  9  1 
 6  5  10  1  9  1  5  6  5  10  7  3 
 5  7  5  9  6  2  5  3  7  4  3  4 
 1  3  3  5  9  7  7  7  3  5  1  4 
 1  2  2  5  8  3  1  8  6  10  4  7 
 7  2  7  1  10  7  3  5  8  6  9  3 
 4  1  1  3  8  8  4  2  8  9  4  3 
 10  3  1  3  7  9  9  5  4  1  1  4 
 9  5  3  2  6  6  7  4  3  10  7  1 
 4  4  1  4  9  10  7  6  2  10  1  5 
 2  8  5  6  5  9  10  1  5  6  1  3 
 2  9  7  6  4  1  2  5  5  3  7  3 
 7  6  9  2  5  10  4  5  8  9  6  6 
 1  4  8  3  6  2  3  10  7  3  7  4 
Вагові коефіцієнти критеріїв к1-к12:
6 3 8 7 2 10 10 8 1 8 4 3
Значення порогів для індексів узгодження та неузгодження c, d
0.507 0.392
