Таблиця оцінок альтернатив А1-А15 за критеріями к1-к12
 2  10  4  5  2  7  5  10  7  6  6  9 
 9  6  10  7  1  7  8  6  8  7  4  5 
 4  4  6  7  7  9  7  5  5  3  6  4 
 10  2  9  5  1  7  1  6  2  3  1  1 
 8  4  7  6  2  8  6  6  3  4  3  5 
 2  9  4  2  1  9  7  1  2  2  3  3 
 5  6  4  5  4  4  10  10  8  4  8  8 
 4  6  3  4  4  3  5  10  6  4  5  6 
 8  10  9  4  9  4  3  3  4  1  1  7 
 7  6  8  2  5  7  2  1  3  9  3  9 
 10  4  8  10  3  9  5  2  6  3  9  5 
 8  9  6  1  4  1  5  4  10  6  6  9 
 4  3  10  1  1  6  5  9  6  2  1  8 
 5  3  1  7  5  9  8  4  5  9  1  8 
 4  6  9  10  5  1  10  1  4  7  5  10 
Вагові коефіцієнти критеріїв к1-к12:
9 7 5 5 3 7 1 9 8 5 2 10
Значення порогів для індексів узгодження та неузгодження c, d
0.599 0.412
