Таблиця оцінок альтернатив А1-А15 за критеріями к1-к12
 1  2  8  4  6  9  6  8  8  2  5  5 
 5  5  7  8  9  7  3  2  4  10  2  8 
 5  10  4  3  7  9  7  4  7  3  1  5 
 5  9  5  5  1  2  9  4  7  5  3  7 
 5  8  10  2  5  1  2  9  6  4  8  9 
 8  5  9  2  10  3  6  9  10  10  8  9 
 3  9  7  1  10  5  4  2  10  1  4  3 
 8  6  2  3  2  2  6  9  8  1  10  5 
 9  8  9  8  7  4  2  3  3  2  9  5 
 8  8  10  4  4  10  6  4  9  1  5  6 
 8  7  9  4  4  10  7  8  6  5  1  8 
 2  4  6  5  2  4  2  10  8  6  5  7 
 6  10  7  5  1  5  5  5  1  1  10  2 
 1  1  6  1  10  2  3  2  6  5  2  10 
 2  3  6  5  10  7  3  6  1  1  10  3 
Вагові коефіцієнти критеріїв к1-к12:
3 4 10 3 6 3 1 3 4 1 1 7
Значення порогів для індексів узгодження та неузгодження c, d
0.628 0.344
