Таблиця оцінок альтернатив А1-А15 за критеріями к1-к12
 2  5  8  4  7  3  7  9  5  3  10  10 
 6  1  3  5  2  8  5  7  6  3  4  8 
 2  6  6  5  1  9  6  4  6  7  5  10 
 3  7  4  7  6  6  4  7  4  3  7  2 
 3  10  5  1  1  1  9  1  10  1  7  2 
 8  9  9  5  3  9  3  8  1  2  2  8 
 10  4  5  4  7  6  4  10  3  2  10  10 
 4  4  5  3  3  9  3  3  7  3  2  1 
 3  9  2  3  9  8  5  1  4  6  10  8 
 3  9  9  8  1  7  4  8  4  7  1  4 
 1  7  8  6  4  7  6  8  2  9  6  8 
 10  7  3  4  3  7  8  6  6  2  7  8 
 8  7  2  4  3  3  6  10  7  5  8  3 
 1  9  4  3  8  5  2  10  6  2  3  6 
 3  1  3  9  8  4  5  3  9  2  5  5 
Вагові коефіцієнти критеріїв к1-к12:
9 2 6 8 7 10 7 1 3 8 8 2
Значення порогів для індексів узгодження та неузгодження c, d
0.582 0.344
