Таблиця оцінок альтернатив А1-А15 за критеріями к1-к12
 6  10  1  6  8  10  10  10  3  1  2  10 
 7  9  2  4  5  7  9  2  5  7  5  1 
 5  1  6  6  4  6  1  10  3  6  8  9 
 8  4  2  5  7  7  1  1  7  1  3  7 
 1  4  5  10  10  1  7  1  10  1  10  8 
 2  9  1  7  1  4  7  9  10  8  10  1 
 9  1  1  8  8  3  10  4  2  2  6  6 
 5  10  6  4  6  7  10  2  9  7  1  7 
 1  4  7  7  2  1  2  4  5  2  5  2 
 6  4  5  3  2  8  5  9  10  9  3  4 
 2  3  9  9  5  8  4  3  8  10  4  4 
 6  1  5  7  7  2  4  3  3  10  4  1 
 3  10  8  5  8  6  3  4  9  1  10  8 
 9  2  5  2  9  3  9  8  3  4  8  1 
 3  1  5  2  7  10  10  10  7  3  2  10 
Вагові коефіцієнти критеріїв к1-к12:
8 4 9 5 9 8 9 9 5 2 8 3
Значення порогів для індексів узгодження та неузгодження c, d
0.620 0.471
