Таблиця оцінок альтернатив А1-А15 за критеріями к1-к12
 3  7  7  9  6  8  4  5  6  10  1  10 
 7  7  7  1  10  4  10  4  1  2  1  1 
 8  8  9  9  3  2  7  3  7  7  4  10 
 8  9  9  9  2  2  3  1  9  8  10  4 
 4  7  4  6  3  3  2  10  3  9  10  1 
 8  2  2  9  5  6  2  10  7  2  6  2 
 10  9  1  2  8  2  4  10  2  4  1  9 
 6  2  8  9  5  2  8  5  2  8  9  1 
 5  7  9  1  1  10  3  3  2  2  8  3 
 6  4  10  7  6  5  10  10  2  9  4  10 
 5  9  7  8  4  6  7  7  3  6  2  1 
 10  7  8  8  8  3  8  2  4  8  8  2 
 7  5  7  3  7  7  8  2  1  1  3  5 
 8  2  8  5  8  3  1  5  3  3  2  4 
 1  4  5  8  6  3  10  5  6  7  8  6 
Вагові коефіцієнти критеріїв к1-к12:
5 4 9 5 4 7 7 9 10 8 2 6
Значення порогів для індексів узгодження та неузгодження c, d
0.715 0.472
