Таблиця оцінок альтернатив А1-А15 за критеріями к1-к12
 7  10  3  1  5  10  3  8  9  7  6  5 
 5  6  2  5  4  8  7  5  3  5  10  8 
 10  9  4  5  9  9  9  5  5  3  2  6 
 7  4  8  6  7  2  8  4  9  2  6  5 
 10  10  9  9  7  5  4  8  7  1  7  10 
 3  9  9  8  4  7  4  4  3  6  8  8 
 10  5  9  10  7  8  5  10  5  6  1  9 
 9  3  4  9  6  4  1  5  5  5  4  2 
 3  2  6  5  8  8  2  8  10  5  5  10 
 2  2  2  7  2  1  8  5  10  9  2  6 
 3  2  5  4  7  1  5  9  5  9  9  10 
 5  2  1  8  7  4  7  7  10  6  3  8 
 8  8  8  3  7  3  1  4  10  3  7  10 
 6  10  2  10  9  1  10  9  6  9  7  3 
 6  7  10  10  7  6  3  3  7  9  10  6 
Вагові коефіцієнти критеріїв к1-к12:
3 7 6 2 1 1 6 3 9 2 1 1
Значення порогів для індексів узгодження та неузгодження c, d
0.714 0.499
