Таблиця оцінок альтернатив А1-А15 за критеріями к1-к12
 2  6  3  8  3  1  6  2  1  9  5  8 
 2  10  7  10  9  4  5  4  5  3  5  4 
 2  9  8  3  10  8  9  8  10  8  10  9 
 1  7  4  6  4  2  4  1  10  10  4  7 
 4  4  7  4  9  6  8  2  2  10  7  1 
 2  2  8  6  1  6  5  1  4  3  3  10 
 1  7  1  3  3  3  10  1  6  6  4  2 
 2  4  4  10  7  8  5  8  9  2  2  9 
 1  10  9  9  6  5  4  7  8  8  1  3 
 6  4  7  5  1  4  1  3  8  1  1  3 
 2  9  6  1  2  3  4  1  10  9  8  2 
 9  3  3  3  1  8  1  10  10  4  4  4 
 1  2  9  6  1  3  7  7  4  2  10  1 
 2  8  8  2  7  7  5  9  7  4  7  7 
 2  7  1  9  5  4  1  4  8  7  2  6 
Вагові коефіцієнти критеріїв к1-к12:
8 5 7 2 5 8 9 3 4 10 5 10
Значення порогів для індексів узгодження та неузгодження c, d
0.686 0.422
