Таблиця оцінок альтернатив А1-А15 за критеріями к1-к12
 1  9  7  8  3  3  7  6  9  4  5  5 
 8  7  10  8  8  5  4  9  1  5  6  8 
 10  3  3  6  6  4  4  3  2  10  10  2 
 8  7  1  8  6  6  3  4  1  10  2  8 
 6  5  2  5  2  2  8  10  4  7  6  6 
 8  7  10  4  2  9  7  4  6  2  5  3 
 5  4  7  8  9  5  10  6  4  4  2  1 
 9  8  6  10  1  8  4  6  10  10  10  3 
 7  5  3  9  8  8  2  2  9  1  2  10 
 9  5  2  4  4  5  6  8  10  2  4  7 
 8  9  10  7  9  2  3  4  7  3  5  6 
 4  8  7  10  5  10  7  8  8  1  3  10 
 5  1  5  9  7  4  6  8  8  6  10  5 
 6  9  1  4  8  7  4  4  3  1  2  10 
 2  7  8  1  2  6  4  4  6  9  2  6 
Вагові коефіцієнти критеріїв к1-к12:
1 4 9 8 1 4 9 3 3 5 7 1
Значення порогів для індексів узгодження та неузгодження c, d
0.744 0.479
