Таблиця оцінок альтернатив А1-А15 за критеріями к1-к12
 4  7  7  7  5  6  3  2  5  5  2  4 
 2  10  2  6  2  10  4  10  9  1  9  8 
 5  6  3  3  1  3  8  6  2  10  7  1 
 6  3  5  6  2  1  9  2  3  7  1  10 
 3  3  5  4  7  5  7  7  6  7  3  2 
 2  10  5  2  7  3  2  9  9  8  3  9 
 2  9  3  9  9  9  5  6  9  9  2  8 
 1  7  3  4  5  8  1  6  5  7  9  7 
 4  1  4  2  1  1  9  10  10  7  10  5 
 8  4  3  9  1  9  6  6  9  6  1  2 
 2  3  2  3  6  6  5  7  3  6  9  7 
 10  7  1  8  9  5  7  6  10  4  4  8 
 7  10  8  8  6  6  2  9  7  10  1  10 
 5  2  7  4  8  6  7  8  8  10  3  3 
 9  8  9  3  7  2  3  3  4  1  9  7 
Вагові коефіцієнти критеріїв к1-к12:
3 6 5 3 5 5 2 6 10 8 5 4
Значення порогів для індексів узгодження та неузгодження c, d
0.609 0.475
