Таблиця оцінок альтернатив А1-А15 за критеріями к1-к12
 10  7  7  8  8  1  1  8  1  9  1  9 
 2  1  9  7  8  2  1  3  10  7  9  6 
 8  8  8  9  7  5  1  6  1  6  5  3 
 7  9  7  1  10  6  3  8  3  9  7  6 
 8  10  2  2  7  4  1  4  6  2  7  6 
 3  9  6  9  3  10  9  4  7  6  7  1 
 6  3  8  5  9  10  4  5  5  8  9  9 
 6  9  6  9  4  9  4  6  7  2  8  6 
 9  6  10  9  8  6  2  7  2  2  10  9 
 8  1  3  3  1  6  4  9  5  10  3  10 
 1  4  4  10  1  8  6  5  10  3  8  4 
 9  1  9  1  9  8  7  5  2  6  4  1 
 4  4  3  5  7  3  1  5  3  8  3  4 
 4  8  3  9  5  2  2  9  1  3  7  5 
 10  8  3  5  3  5  5  9  1  6  7  8 
Вагові коефіцієнти критеріїв к1-к12:
8 4 4 8 1 4 5 9 3 3 9 4
Значення порогів для індексів узгодження та неузгодження c, d
0.617 0.426
