Таблиця оцінок альтернатив А1-А15 за критеріями к1-к12
 5  3  4  7  9  7  1  9  5  2  7  9 
 5  5  4  3  4  2  8  3  1  2  8  2 
 4  5  9  9  9  4  7  8  7  9  5  6 
 3  1  1  9  7  2  3  1  6  3  10  6 
 1  9  9  1  10  5  1  8  10  8  1  7 
 9  6  3  1  10  8  10  8  8  10  7  9 
 2  5  8  7  10  1  9  1  1  3  4  10 
 2  7  4  10  6  1  9  6  5  4  8  3 
 3  5  3  7  5  2  2  5  6  8  2  8 
 5  9  4  4  7  9  3  7  8  3  5  6 
 7  1  9  6  8  4  8  8  1  2  10  7 
 7  2  4  5  3  1  7  6  4  9  4  4 
 3  1  2  4  6  5  5  8  1  10  10  10 
 8  8  10  1  5  4  6  9  4  3  2  9 
 5  3  1  1  2  4  7  4  6  6  10  10 
Вагові коефіцієнти критеріїв к1-к12:
2 9 4 1 2 2 1 10 9 3 9 9
Значення порогів для індексів узгодження та неузгодження c, d
0.534 0.269
