Таблиця оцінок альтернатив А1-А15 за критеріями к1-к12
 9  4  7  7  10  9  4  5  8  3  1  1 
 7  8  3  2  2  8  8  8  5  9  1  3 
 1  4  1  10  6  7  5  10  5  10  5  2 
 4  10  9  8  9  7  2  6  4  10  2  9 
 4  2  6  1  6  9  7  3  6  1  2  4 
 5  1  3  2  2  6  1  5  7  3  5  1 
 5  10  3  6  9  2  4  9  4  1  9  1 
 4  1  4  6  9  7  3  4  5  10  9  2 
 5  4  6  3  1  7  4  7  5  6  9  6 
 8  3  6  7  1  9  8  6  4  7  6  10 
 4  4  2  6  10  4  2  3  6  7  8  9 
 2  2  1  9  2  7  3  8  9  4  3  3 
 1  4  1  2  9  4  3  8  9  7  6  5 
 6  10  6  1  3  7  10  9  10  7  10  8 
 9  6  1  8  4  2  9  2  5  8  10  8 
Вагові коефіцієнти критеріїв к1-к12:
9 10 3 7 6 2 5 7 7 1 10 1
Значення порогів для індексів узгодження та неузгодження c, d
0.545 0.292
