Таблиця оцінок альтернатив А1-А15 за критеріями к1-к12
 6  2  3  1  1  5  6  9  10  5  2  4 
 6  6  1  10  7  1  1  9  7  2  7  8 
 7  7  6  2  2  1  3  7  3  5  9  4 
 4  9  1  5  6  4  5  2  2  1  7  7 
 9  1  7  10  6  2  6  6  5  6  8  1 
 4  3  3  1  8  9  10  8  1  5  7  9 
 6  10  2  3  9  9  8  3  8  7  1  3 
 7  9  6  3  2  5  3  8  2  1  1  4 
 5  9  7  8  3  2  4  3  6  5  7  2 
 3  10  6  4  10  2  2  4  1  5  4  1 
 7  8  1  4  10  10  7  9  3  4  2  4 
 9  9  4  3  6  10  6  9  5  5  10  8 
 6  7  6  9  4  9  10  10  7  9  8  6 
 1  4  3  4  1  7  9  2  5  3  2  10 
 5  4  1  6  6  6  3  4  1  2  1  3 
Вагові коефіцієнти критеріїв к1-к12:
1 10 3 8 7 2 9 2 5 5 3 8
Значення порогів для індексів узгодження та неузгодження c, d
0.513 0.387
