Таблиця оцінок альтернатив А1-А15 за критеріями к1-к12
 5  5  6  4  1  1  9  7  9  4  10  7 
 7  8  6  9  8  10  9  9  9  10  10  5 
 1  7  10  4  2  6  10  3  10  10  10  9 
 6  1  1  2  10  6  8  5  3  5  1  9 
 4  2  4  4  1  7  10  8  8  6  5  5 
 6  4  6  8  6  5  8  3  6  1  8  5 
 4  6  6  1  10  1  10  4  7  6  3  7 
 7  3  6  3  7  7  7  5  7  10  3  8 
 3  9  8  4  3  2  7  3  4  3  3  9 
 2  3  10  9  10  10  3  4  4  10  7  7 
 5  6  3  3  7  6  3  8  8  3  3  1 
 2  5  2  10  3  9  3  4  7  8  4  9 
 7  6  2  10  7  5  1  4  2  5  5  9 
 5  2  7  9  7  8  6  2  1  4  3  3 
 4  5  6  4  1  4  7  6  3  1  3  4 
Вагові коефіцієнти критеріїв к1-к12:
7 3 10 8 9 3 8 10 6 1 8 2
Значення порогів для індексів узгодження та неузгодження c, d
0.705 0.263
