Таблиця оцінок альтернатив А1-А15 за критеріями к1-к12
 3  1  1  10  6  7  10  8  6  6  1  1 
 7  5  7  6  2  6  7  6  10  7  7  9 
 3  4  1  1  7  8  6  5  9  2  6  3 
 10  5  8  2  9  9  6  4  4  10  3  8 
 2  2  9  4  1  4  2  4  6  4  5  5 
 1  6  10  7  5  8  9  3  6  3  5  3 
 1  6  4  9  3  8  6  10  10  5  6  2 
 9  7  10  8  9  5  9  8  4  8  3  1 
 9  2  4  2  5  3  4  2  8  5  7  4 
 3  1  3  10  9  6  3  4  3  9  9  9 
 7  2  4  9  9  8  10  6  4  1  1  5 
 1  2  9  5  8  3  5  9  2  3  8  6 
 5  5  7  9  9  10  7  1  10  6  3  1 
 1  5  6  2  1  1  3  8  2  4  2  6 
 9  2  9  3  3  4  7  10  8  4  10  1 
Вагові коефіцієнти критеріїв к1-к12:
8 10 9 10 1 3 7 9 4 1 10 2
Значення порогів для індексів узгодження та неузгодження c, d
0.639 0.242
