Таблиця оцінок альтернатив А1-А15 за критеріями к1-к12
 6  3  9  4  8  9  7  10  9  2  3  5 
 1  8  8  1  2  5  9  1  7  1  3  7 
 2  10  9  4  10  8  4  7  2  3  6  6 
 9  7  4  2  1  2  7  4  6  8  9  4 
 2  10  7  5  7  3  6  7  9  10  4  9 
 4  6  2  3  1  4  4  5  4  8  6  10 
 3  10  8  7  8  1  9  6  9  5  6  9 
 4  6  4  6  4  6  7  4  5  7  8  10 
 8  3  7  2  6  1  5  1  3  1  7  10 
 8  5  8  9  4  1  10  9  2  10  7  8 
 10  9  8  7  2  6  9  10  3  8  10  9 
 4  8  3  8  5  9  7  6  8  3  1  9 
 6  3  9  4  2  2  3  8  7  6  1  10 
 3  3  7  7  1  6  3  3  7  1  7  5 
 3  1  10  9  4  7  9  7  8  4  4  10 
Вагові коефіцієнти критеріїв к1-к12:
2 3 1 1 6 8 8 4 9 3 5 10
Значення порогів для індексів узгодження та неузгодження c, d
0.671 0.260
