Таблиця оцінок альтернатив А1-А15 за критеріями к1-к12
 10  3  3  10  4  1  6  10  5  10  3  1 
 2  2  7  3  8  7  9  7  1  4  8  3 
 2  5  1  2  2  1  9  5  2  6  4  4 
 9  10  1  4  7  6  3  9  7  3  4  2 
 1  2  1  1  5  4  2  6  4  1  10  6 
 4  5  4  10  7  2  5  2  5  3  2  10 
 10  9  1  7  7  5  6  3  6  3  10  4 
 5  3  2  6  5  9  3  8  7  8  5  9 
 8  7  7  5  1  7  2  2  6  7  6  6 
 5  3  7  3  1  1  8  4  3  1  4  3 
 5  6  2  4  9  6  9  1  10  6  8  2 
 7  6  10  6  7  6  6  5  9  7  10  2 
 3  5  7  10  6  1  10  5  7  10  7  6 
 8  8  4  9  6  1  4  4  8  3  9  3 
 6  5  5  1  1  6  5  6  7  9  6  6 
Вагові коефіцієнти критеріїв к1-к12:
1 10 7 7 7 8 5 10 1 7 2 1
Значення порогів для індексів узгодження та неузгодження c, d
0.694 0.369
