Таблиця оцінок альтернатив А1-А15 за критеріями к1-к12
 4  8  7  3  10  4  3  5  8  8  8  9 
 1  4  8  1  5  3  8  2  5  10  1  3 
 3  7  9  9  7  1  6  2  2  9  2  4 
 2  1  6  4  3  9  1  2  10  3  10  8 
 2  1  9  3  5  1  6  3  1  2  9  8 
 8  1  2  2  3  4  1  1  2  3  6  4 
 5  6  5  6  1  9  6  2  9  3  1  6 
 9  8  4  7  10  8  4  7  6  4  7  4 
 1  4  6  9  3  3  9  6  9  6  9  9 
 9  3  3  9  5  1  1  5  8  3  6  9 
 1  5  1  1  8  8  3  2  6  2  3  5 
 9  7  3  9  3  7  2  9  1  9  3  2 
 9  9  7  2  10  3  8  2  2  9  4  1 
 6  4  6  5  8  3  2  9  2  1  4  7 
 7  1  1  7  6  2  5  10  9  9  4  1 
Вагові коефіцієнти критеріїв к1-к12:
6 9 3 9 3 8 5 2 6 6 5 3
Значення порогів для індексів узгодження та неузгодження c, d
0.599 0.517
