Таблиця оцінок альтернатив А1-А15 за критеріями к1-к12
 4  2  8  9  6  10  2  8  2  7  5  1 
 2  9  5  9  3  10  5  9  5  1  5  2 
 9  10  5  7  2  4  2  9  7  1  10  9 
 10  3  7  7  7  6  6  9  10  1  6  4 
 5  7  9  5  6  3  8  10  6  9  2  6 
 6  4  9  4  8  4  7  9  7  7  8  4 
 8  5  8  5  7  2  2  3  5  1  7  5 
 4  6  1  3  5  8  4  7  4  6  1  2 
 2  7  10  7  7  7  4  9  9  10  10  4 
 6  4  6  8  1  8  10  8  6  3  9  3 
 3  7  8  3  5  7  6  1  8  10  7  1 
 4  3  8  9  4  7  8  6  6  4  7  3 
 2  5  3  7  2  4  4  6  6  9  3  1 
 6  4  1  6  10  10  8  1  6  7  9  7 
 1  6  2  9  4  5  1  2  6  3  9  7 
Вагові коефіцієнти критеріїв к1-к12:
8 1 3 9 2 4 4 6 8 1 2 4
Значення порогів для індексів узгодження та неузгодження c, d
0.614 0.356
