Таблиця оцінок альтернатив А1-А15 за критеріями к1-к12
 6  3  5  7  5  4  10  5  9  7  1  6 
 6  1  2  7  10  2  6  2  10  4  1  10 
 5  5  5  4  7  3  3  9  3  8  6  4 
 5  6  4  7  5  5  2  3  7  1  8  3 
 7  7  8  5  9  8  7  10  4  2  3  2 
 3  4  1  7  5  1  8  1  4  10  1  2 
 1  3  1  7  8  7  1  8  9  2  2  6 
 10  4  9  4  9  8  9  7  5  7  2  5 
 5  3  8  6  10  8  10  10  7  2  1  8 
 7  5  2  1  4  2  10  4  3  8  5  10 
 1  1  6  9  2  6  4  6  4  8  9  3 
 5  9  2  4  8  6  3  3  7  5  9  9 
 2  2  5  4  3  8  1  5  2  6  2  2 
 3  10  2  8  5  1  7  1  2  5  8  7 
 9  8  5  9  4  9  9  4  9  9  1  9 
Вагові коефіцієнти критеріїв к1-к12:
1 10 8 10 9 8 2 7 4 1 7 5
Значення порогів для індексів узгодження та неузгодження c, d
0.662 0.269
