Таблиця оцінок альтернатив А1-А15 за критеріями к1-к12
 5  3  1  5  9  1  7  9  2  9  4  1 
 2  2  5  4  4  6  1  10  8  6  9  8 
 5  9  2  9  1  5  7  2  6  7  6  6 
 7  6  6  2  2  9  3  8  5  10  3  6 
 6  2  1  8  1  10  6  9  8  6  7  1 
 9  5  5  5  10  6  3  9  2  7  1  7 
 8  2  6  8  10  1  8  2  7  2  4  8 
 10  10  4  4  8  9  4  6  7  2  7  8 
 9  10  3  5  10  6  3  6  4  2  3  5 
 1  9  7  7  6  1  5  8  1  6  6  2 
 4  10  9  9  2  1  7  7  5  8  3  5 
 4  6  9  4  9  8  3  10  5  10  10  3 
 10  6  10  6  6  7  3  7  3  1  8  2 
 7  3  4  1  5  10  8  8  7  4  6  10 
 2  5  4  9  1  5  9  6  7  10  1  1 
Вагові коефіцієнти критеріїв к1-к12:
9 9 4 1 2 3 1 8 6 3 1 6
Значення порогів для індексів узгодження та неузгодження c, d
0.754 0.481
