Таблиця оцінок альтернатив А1-А15 за критеріями к1-к12
 3  8  9  7  7  10  7  4  5  4  2  6 
 3  6  7  4  6  9  9  10  7  3  3  4 
 5  3  3  3  10  10  1  9  7  6  1  1 
 2  3  4  9  7  7  2  4  10  10  3  2 
 1  8  1  10  4  7  6  1  1  6  3  2 
 8  7  4  6  6  2  1  10  6  10  3  8 
 10  8  6  5  5  3  1  9  9  1  5  6 
 6  8  3  1  1  4  10  5  2  3  5  3 
 5  1  8  8  5  2  5  6  9  8  8  4 
 5  3  4  3  10  2  4  6  9  7  4  2 
 4  2  5  3  7  7  6  5  1  5  7  3 
 4  1  4  8  2  8  2  7  3  7  6  4 
 4  10  2  3  1  5  3  9  1  10  4  2 
 4  8  6  5  2  6  2  8  2  6  3  8 
 4  9  7  9  7  9  2  9  8  10  2  6 
Вагові коефіцієнти критеріїв к1-к12:
1 10 5 2 2 6 2 5 8 2 5 8
Значення порогів для індексів узгодження та неузгодження c, d
0.739 0.404
