Таблиця оцінок альтернатив А1-А15 за критеріями к1-к12
 8  1  4  8  4  8  3  1  8  7  1  5 
 6  2  2  8  8  8  1  7  6  9  10  7 
 4  10  9  6  10  3  4  6  6  1  7  5 
 3  2  9  4  5  1  9  3  9  7  5  6 
 3  9  1  3  3  8  4  5  3  7  8  2 
 1  5  2  2  4  1  7  7  6  8  6  1 
 3  8  8  3  9  8  6  6  2  8  8  9 
 1  1  2  7  7  8  2  2  8  8  6  8 
 4  1  1  9  4  8  8  4  4  9  8  9 
 8  1  7  3  3  8  9  7  8  5  2  8 
 8  7  3  6  6  10  8  4  4  7  6  8 
 9  4  8  3  3  10  7  6  3  6  8  3 
 8  9  1  5  7  8  2  7  5  8  6  9 
 7  6  6  9  6  7  6  7  3  3  5  3 
 5  3  5  9  8  1  2  3  3  2  7  5 
Вагові коефіцієнти критеріїв к1-к12:
3 6 7 10 1 4 9 6 7 3 2 10
Значення порогів для індексів узгодження та неузгодження c, d
0.573 0.340
