Таблиця оцінок альтернатив А1-А15 за критеріями к1-к12
 7  4  7  6  3  5  10  4  10  5  10  3 
 3  3  4  4  10  1  10  9  8  9  5  8 
 5  4  8  8  2  10  5  3  3  6  7  8 
 9  4  10  8  9  10  7  10  2  2  3  4 
 8  4  2  9  2  9  1  2  6  7  7  3 
 1  4  8  9  8  9  9  8  4  5  8  3 
 6  5  1  4  6  3  6  3  5  5  10  5 
 4  1  1  8  1  9  6  2  8  8  7  5 
 1  7  10  2  4  10  5  9  1  5  3  6 
 9  1  3  4  4  6  3  9  2  2  5  7 
 1  3  7  8  1  1  4  5  8  9  6  3 
 3  6  7  4  2  1  5  5  1  1  3  5 
 1  8  1  7  2  7  10  1  2  1  7  9 
 10  1  6  5  7  10  9  8  10  9  3  1 
 9  6  7  8  10  9  8  10  3  8  8  7 
Вагові коефіцієнти критеріїв к1-к12:
8 6 3 6 8 8 6 1 7 7 8 8
Значення порогів для індексів узгодження та неузгодження c, d
0.745 0.293
