Таблиця оцінок альтернатив А1-А15 за критеріями к1-к12
 9  2  7  7  4  2  2  2  3  6  8  2 
 9  8  7  6  9  3  4  5  7  10  7  7 
 7  9  10  6  1  2  9  4  1  10  8  1 
 2  3  5  6  2  1  8  9  1  8  6  7 
 1  5  7  9  8  7  8  5  10  5  3  4 
 1  1  7  4  7  9  8  1  8  5  4  5 
 6  4  5  1  3  8  8  10  7  10  1  2 
 1  10  5  1  4  1  4  2  10  1  4  6 
 1  10  6  8  4  8  2  1  10  1  5  3 
 4  9  5  3  8  5  5  9  6  8  8  4 
 1  4  6  9  2  6  9  4  8  7  6  6 
 1  5  3  5  2  7  9  5  5  3  7  10 
 6  9  8  5  1  8  1  4  2  4  8  5 
 8  8  2  2  1  3  4  5  7  8  1  8 
 1  4  3  6  6  5  3  8  3  4  7  10 
Вагові коефіцієнти критеріїв к1-к12:
8 8 3 10 1 1 1 10 3 6 3 10
Значення порогів для індексів узгодження та неузгодження c, d
0.708 0.344
