Таблиця оцінок альтернатив А1-А15 за критеріями к1-к12
 8  7  6  9  7  1  9  6  3  6  4  4 
 6  10  10  4  1  2  3  3  3  6  4  3 
 6  7  4  2  3  7  5  10  6  10  3  2 
 9  3  9  10  7  2  9  5  7  4  8  4 
 3  5  9  6  6  2  5  5  5  3  5  8 
 5  9  3  7  1  5  9  1  7  6  4  9 
 1  6  4  10  4  7  1  2  3  3  7  8 
 8  3  4  1  10  3  4  1  2  2  2  7 
 5  7  10  2  7  8  8  2  3  7  7  4 
 4  7  4  1  8  6  4  2  4  9  1  9 
 9  1  7  9  4  6  5  7  7  10  4  6 
 6  1  7  1  7  6  1  3  9  10  6  5 
 10  9  10  7  2  5  7  10  10  6  1  6 
 10  8  9  6  9  9  6  6  2  2  5  8 
 2  3  6  1  1  4  5  3  5  8  3  6 
Вагові коефіцієнти критеріїв к1-к12:
6 10 5 4 8 1 6 4 10 4 9 10
Значення порогів для індексів узгодження та неузгодження c, d
0.630 0.370
