Таблиця оцінок альтернатив А1-А15 за критеріями к1-к12
 6  7  2  6  3  7  10  10  8  4  8  2 
 9  4  10  8  5  2  10  10  4  9  5  9 
 6  2  7  9  9  10  7  4  8  2  9  4 
 10  5  10  10  7  5  6  4  5  9  5  2 
 2  1  6  3  1  4  1  4  10  4  4  1 
 5  8  7  7  4  10  4  3  8  3  1  6 
 2  6  1  6  7  3  5  2  1  1  7  8 
 2  9  6  10  6  1  5  4  4  4  4  5 
 6  8  1  1  4  1  8  9  3  7  2  8 
 6  1  10  6  2  4  2  8  4  8  3  4 
 3  9  3  9  10  2  1  8  1  8  2  1 
 7  7  6  7  4  10  1  8  7  3  6  7 
 6  4  5  7  9  4  8  4  1  8  8  3 
 8  9  1  6  10  6  3  3  1  9  8  7 
 4  8  7  10  2  4  1  3  6  9  7  7 
Вагові коефіцієнти критеріїв к1-к12:
3 5 8 4 10 3 2 2 2 9 7 2
Значення порогів для індексів узгодження та неузгодження c, d
0.521 0.306
