10  3  6  9  9  4  3  1  2  9  4  6 
10  8 10  9 10  8  3  4  9  9  6  6 
 2  3  2  7  1  1  3  1  2  6  2  5 
 6  7  7  7  7  3  6 10  9  6  2  5 
10 10  7  9  9  4  6 10  9  9  4  6 
 9  5  4  3  9  4  6  6  2  3  3  1 
 9  7  7  7  9  7  9 10 10  8  8  5 
 9  8  7  7  9  7  9 10 10 10  8  7 
 8  1  3  7  9  4  6  3  9  1  4  6 
 4  1  3  7  9  4  4  2  2  1  1  2 
 4  1  3  7  8  4  2  2  2  1  1  2 
 1  1  3  4  4  3  2  2  2  1  1  2 
 1  1  1  2  4  3  2  2  2  1  1  2 
 4  1  3  2  5  3  2  5  4  1  7  5 
 1  1  3  2  1  3  1  2  2  1  1  2 
 7  3  7  6  1  3  4  8  8  8  3  3 
 9  8  7  7  9  7  9 10 10 10 10  7 
 9  8  7  7  9 10  9 10 10 10 10  7 
 3  1  3  3  5  2  6  1  9  1  4  6 
 3  1  1  3  5  2  6  1  2  1  4  1 
Відношення строгого порядку на мн-ні критеріїв
(впорядкування за спаданням важливості):
k5>k8>k1>k10>k4>k12>k6>k2>k7>k9>k3>k11
Відношення квазіпорядку на мн-ні критеріїв
(класи впорядковані за зростанням важливості):
{k3,k9,k12} < {k2,k4,k5,k7} < {k1,k6,k8,k10,k11} 