 4  6  6  2  9 10  3 10  6  3  9  3 
 4  9  6  5  9 10 10 10  8  4  9  3 
 5  9  6  6  9 10 10 10  8  9  9  3 
 5  2  6  4  9  5  5  2  5  6  9  3 
 5  6  8  5 10 10  7 10  6  6  9  6 
 5  7  8  9 10 10  7 10  7 10  9  9 
 6  7  8  9 10 10 10 10  7 10  9  9 
 6  7  8  9 10 10 10 10  7 10  9  9 
 4  2  5  3  7  3  4  4  7  4  6  1 
 4  7  5  6  8  7  7  4  7  4  6  2 
 4  4  5  6  3  3  4  4  5  2  6  2 
 6 10 10  7  3  8  4  4  9  2  6  3 
 4  2  6  3  3  5  4  2  2  2  3  3 
 8  6  9  3  9  5  8  8  9  2  9  9 
 8 10 10  7 10  8  8  8  9  3 10  9 
 9 10 10  7 10  8  8  8  9 10 10  9 
 5  4  6  7  1  8  3  1  3  8  9  2 
 5  4  6  1  1  6  3  1  3  8  2  2 
 4  2  5  1  1  5  3  1  2  2  2  2 
 1  2  5  1  1  4  3  1  2  2  1  2 
Відношення строгого порядку на мн-ні критеріїв
(впорядкування за спаданням важливості):
k6>k9>k1>k8>k7>k4>k2>k11>k10>k12>k5>k3
Відношення квазіпорядку на мн-ні критеріїв
(класи впорядковані за зростанням важливості):
{k1,k8,k10,k11} < {k2,k12} < {k3,k4,k5,k6,k7,k9} 