 7 10  1  1  2  7  9  3  1 10 10  6 
 7  5  1  1  2  3  1  3  1  9  4  6 
 7  4  1  1  2  1  1  3  1  7  4  6 
 1  4  1  1  2  1  1  3  1  7  4  6 
 7  8  3  8  6  9  2  7  2  9  4 10 
 7  4  1  8  4  9  2  3  2  1  4  8 
 9  8  8  8  8  9  9  7  6  9  8 10 
 9  8  8 10  8  9  9  7  6  9  8 10 
 4  1  3  1  4  9  1  7  2  9  4  3 
 4  1  3  1  4  6  1  1  2  5  4  3 
 4  1  1  1  4  1  1  1  2  1  4  1 
 4  1  1  1  4  1  1  1  2  1  4  1 
 7  5  9  5  4  6  2  3  7  9  7  6 
 5  5  2  2  4  4  2  2  7  9  7  5 
 3  1  2  1  4  4  1  1  2  7  4  3 
 3  1  2  1  4  4  1  1  2  3  3  3 
 3  1  2  1  4  4  1  1  2  3  3  3 
 1  1  2  1  1  4  1  1  2  1  3  3 
 1  1  2  1  1  4  1  1  2  1  3  3 
 5 10  3  9  1  6  2  3  4  4  3  3 
Відношення строгого порядку на мн-ні критеріїв
(впорядкування за спаданням важливості):
k3>k9>k1>k6>k11>k8>k4>k7>k2>k10>k12>k5
Відношення квазіпорядку на мн-ні критеріїв
(класи впорядковані за зростанням важливості):
{k9,k11,k12} < {k2,k3,k5} < {k1,k4,k6,k7,k8,k10} 