 4  7  1  2  5  2  5  1  9  3  4  3 
 1  5  1  2  2  1  5  1  9  3  4  3 
 6  7  5  2  7  9  5  2  9  7  6 10 
 6  7  5  6  9  9 10  8  9  7  8 10 
 1  5  1  2  2  1  5  1  3  3  4  3 
 9  5  4  5  4  2  7  7  5  9  7  9 
 9  7  6  6  9  9 10  9  9  9  8 10 
 9  7  6  6  9  9 10 10  9  9  8 10 
 3  1  5  6  6  7  3  8  2  2  8  6 
 4 10  9 10  9  7  4  8  5  7  8  7 
10 10  9 10  9  7  8  8  9  9  8  7 
10 10  9 10  9  7  8  8  9  9  8  7 
 4  7  1  1  5  2  4  1  8  1  2  3 
 4  7  1  1  5  2  3  1  2  1  2  3 
 4  3  1  1  5  2  3  1  2  1  2  2 
 4  2  1  1  3  2  3  1  2  1  2  2 
 9  7  6  6  9  9 10 10  9  9  8 10 
10  7  6  6  9  9 10 10  9  9  8 10 
 9  3  6  1  2  9  1  6  9  9  8  3 
 9  7  6  3  7  9  8  6  9  9  8  9 
Відношення строгого порядку на мн-ні критеріїв
(впорядкування за спаданням важливості):
k5>k6>k8>k12>k1>k7>k2>k3>k10>k9>k11>k4
Відношення квазіпорядку на мн-ні критеріїв
(класи впорядковані за зростанням важливості):
{k7,k8,k12} < {k2,k3,k9} < {k1,k4,k5,k6,k10,k11} 