 7  6  9  4  2  9 10  5  2  9  4  9 
 7  6  9  6  6  9 10  5  3  9  7  9 
 7  6  6  4  2  4  5  1  2  2  4  1 
 7  5  1  3  2  3  5  1  2  2  4  1 
 7  6  9  6  6  9 10  5  8  9  7  9 
 7  6  9  6  6  9 10  5  8  9  7 10 
 5  6  5  2  2  1  9  5  8  7  3  4 
 5  6  1  2  2  1  2  4  4  7  3  1 
 5  6 10  7  7  6  9  9  8  7  3  4 
 7  6 10  7  7  9  9  9  8  7  3  4 
 5  6  4  6  2  7  9  5  1  2  3  3 
 9 10 10  7  2  7  9 10  8  4  9 10 
 9 10 10  7 10  9 10 10  8  9 10 10 
 9 10 10  7 10  9 10 10 10  9 10 10 
 2 10  8  7 10  2  5  6  6  2  5  8 
 6 10  8  7 10  3  5  6  6  6  5 10 
 6  1  4  6  1  3  5  5  4  2  5  9 
 6  7 10  6  4  4  5  8 10  2  5  9 
 2  1  4  3  1  3  4  5  4  1  5  5 
 4  8  4  9  6  6  5  5  7 10  5  8 
Відношення строгого порядку на мн-ні критеріїв
(впорядкування за спаданням важливості):
k12>k5>k11>k6>k4>k2>k9>k1>k3>k7>k10>k8
Відношення квазіпорядку на мн-ні критеріїв
(класи впорядковані за зростанням важливості):
{k2,k4,k12} < {k6,k9} < {k1,k3,k5,k7,k8,k10,k11} 