 9  6  7  2  1  8  9  2  7  9  2  1 
 8  3  7  2  1  2  1  1  6  4  2  1 
 9  6  8  6  9  8  9  6  7  9  4  8 
 9  6  9  9  9  8 10  8  7  9  9 10 
 9  7  9  9  9  8 10  8  7  9  9 10 
 4  7  5  2  5  2  4  8  7  8  5  2 
10  7  9  9  9 10 10  8  9  9  9 10 
 9  7  1  6  3  4 10  2  8  1  5  1 
 9 10  7  6  3  8 10  8  9  9  7  1 
 8  2  7  5  3  8  7  2  6  5  6  1 
 8  2  1  2  1  8  4  2  5  2  2  1 
 3  1  1  2  1  5  4  2  3  2  2  1 
 9  6  7  6  3  8  9  5  7  9  4  6 
 7  3  3  5  2  4  7  5  3  9  4  6 
 9 10  8  9  7  4 10  5  8  9  9  6 
 9 10  8  9  7  4 10 10  8  9  9  6 
 9 10  8  9  7  8 10 10  8  9  9  9 
 5  9  3  8  5  8  4  6  4  3  6  8 
 9 10  8  9  7  8 10  6  8  9 10 10 
 9 10  8  9  7  8 10  8  8 10 10 10 
Відношення строгого порядку на мн-ні критеріїв
(впорядкування за спаданням важливості):
k3>k12>k9>k8>k4>k11>k10>k6>k5>k1>k7>k2
Відношення квазіпорядку на мн-ні критеріїв
(класи впорядковані за зростанням важливості):
{k5,k7,k9} < {k2,k10,k12} < {k1,k3,k4,k6,k8,k11} 