 1  3  6  5  2 10  7  4  5 10  5  6 
 1  3  6  3  2  1  7  4  5  8  4  6 
 1  3  6  3  2  1  7  4  5  3  4  2 
 1  3  5  3  2  1  7  4  5  1  3  2 
 1  3  5  3  2  1  2  4  1  1  3  2 
 1  2  5  3  2  1  2  4  1  1  3  2 
 4  6  5 10  3  4  7  9  5  9  3  7 
 7  6  9 10  3  4 10  9  9  9  3  8 
10  7  9 10  6  8 10  9  9  9  3  8 
 5  7  8  2  6  8  4  8  9  9  3  7 
 5  7  8  7 10  8  7  8  9  9  4  7 
 1  4  2  7  4  5  5  5  9  8  2  7 
 6  6  7 10  8  8  8  5  9  8 10  7 
 6  6  2  5  8  1  7  3  3  8  7  7 
 7  8  8  7 10  8  7  8  9  9  7  9 
 5  8  8  7  9  8  5  8  7  4  7  5 
10  8  9 10  9  8 10  9  9  9  7  8 
 8  3  8  2  4  8  6  8  5  5  3  6 
 6  3  2  2  4  1  6  3  1  5  3  4 
 6  3  7  7  4  9 10  8  6  5  8  4 
Відношення строгого порядку на мн-ні критеріїв
(впорядкування за спаданням важливості):
k8>k10>k1>k12>k5>k7>k9>k2>k11>k3>k6>k4
Відношення квазіпорядку на мн-ні критеріїв
(класи впорядковані за зростанням важливості):
{k5,k9,k10} < {k2,k11,k12} < {k1,k3,k4,k6,k7,k8} 