 4  9  2  6  3  6  9  6  6  7  6  5 
 4  9  5  6  3  6  9  7  6  7  6  5 
10  9  6  8  7  6  9  7  6 10  6  5 
 6  9  6  5  7  3  8  7  6  7  3  5 
 6  9  6  9  8 10 10  7  6  7  9  5 
 6 10  8  9  8 10 10  7  6  7  9  5 
 6 10  8  9  8 10 10  7  6  7  9  9 
 3  7  3  6  3  4  1  3  6  2  2  3 
 1  4  3  3  3  4  1  3  6  2  2  3 
 1  4  3  3  3  4  1  3  2  2  1  3 
 8 10  8  9  8 10 10  7 10  8  9  9 
 1  2  8  9  8  9  6  2  9  8  2  6 
10  9 10  9  8  9  9  7  9 10  7  6 
 8  7  9  9  2  6  2  4  4  9  2  6 
 9 10  9  9  8 10 10  8  6  9 10  9 
 8  2  4  4  8  4 10  5  6  5  7  6 
 9 10  9  9  8 10 10  8  9  9 10  9 
 9 10  9  9  9 10 10  8  9  9 10  9 
 2  5  5  6  1  6  9  6  4  7  2  5 
 2  5  5  6  1  6  5  6  4  5  2  5 
Відношення строгого порядку на мн-ні критеріїв
(впорядкування за спаданням важливості):
k2>k12>k5>k8>k11>k1>k7>k10>k4>k3>k6>k9
Відношення квазіпорядку на мн-ні критеріїв
(класи впорядковані за зростанням важливості):
{k1,k3,k11} < {k2,k5,k6,k8} < {k4,k7,k9,k10,k12} 