 7  7  6  6  9  4 10  1  9  3  8  1 
10  7  7  6  9  8 10  6  9  7 10  7 
10 10  7  6  9  8 10  8  9  7 10  7 
 6  4  7  3  9  8  1  8  9  7  9  3 
 6  4  2  3  7  7  1  8  8  6  1  3 
 7  4  2  5  7  7  1  9  8  6  3  9 
10  4  7  7  9  8  3  9  9 10  9  9 
10  9  7  7  9  8  3  9  9 10  9  9 
 7  7  2  6  7  4  3  1  4  3  2  1 
 7  7  2  3  2  4  2  1  4  3  2  1 
 3  7  2  3  2  2  2  1  4  3  2  1 
10 10  8  3  7  7  8  6  7  3  2  2 
 3  7  6  2  7  4  3  1  5  3  1  1 
 6  7  6  8  7  8  3  2  5  4  6  7 
 6  5  1  5  1  6  3  2  5  3  1  7 
 6  5  1  5  1  6  3  2  4  3  1  3 
 7  9  9  6  7  7  4  4  7  3  7  3 
 7  9  9 10 10  9  8  4  7  5  7 10 
10 10  9 10 10  9 10  8  9  7 10 10 
10 10  9 10 10  9 10  8  9 10 10 10 
Відношення строгого порядку на мн-ні критеріїв
(впорядкування за спаданням важливості):
k5>k6>k11>k9>k12>k7>k10>k1>k3>k2>k4>k8
Відношення квазіпорядку на мн-ні критеріїв
(класи впорядковані за зростанням важливості):
{k4,k5,k12} < {k2,k6} < {k1,k3,k7,k8,k9,k10,k11} 