 5  6  4  9  8 10  3  7  2  8  2  3 
 2  2  4  5  7 10  3  2  2  8  2  3 
 2  2  2  5  7  3  3  2  2  5  2  3 
 2  1  2  5  5  3  3  2  2  2  2  3 
 2  1  2  5  5  3  3  2  2  1  2  1 
 2  4  9  7  7  8  9  2  4  8  9 10 
 2  1  2  2  2  2  2  2  1  2  1  3 
 2  1  2  2  2  2  2  2  1  2  1  3 
 2  1  2  2  2  2  2  2  1  2  1  3 
 2 10  8  8  3  7  9  2 10 10  7  7 
 5 10  8 10  8 10  9 10 10 10 10  7 
 5  2  7  8  5  7  5  4  1  7  8  4 
 8  7  7  8  7 10  7  9  6  9  8  6 
 7  7  7  7  1  9  7  6  3  5  8  6 
 7  8  7  8  7  9  7  6  9  7  8  7 
 2  1  5  8  7  8  5  6  1  1  6  2 
 6 10  8  9  7  8  9  6 10 10  7  9 
 3  1  8  5  7  8  5  6 10  9  4  4 
 2  1  2  2  2  2  2  2  1  2  1  3 
 2  1  2  2  1  2  2  2  1  1  1  3 
Відношення строгого порядку на мн-ні критеріїв
(впорядкування за спаданням важливості):
k7>k2>k8>k3>k10>k5>k4>k11>k12>k1>k9>k6
Відношення квазіпорядку на мн-ні критеріїв
(класи впорядковані за зростанням важливості):
{k2,k6,k7,k9} < {k5,k11} < {k1,k3,k4,k8,k10,k12} 