 3  4  4  8  3  5  7  5  2  6  1  5 
 3  8  9  9  3  8  8  6  4  6  7  5 
 3  4  2  6  3  5  3  5  2  6  1  2 
 3  4  2  6  3  4  3  2  2  1  1  2 
 1  4  2  2  3  2  3  2  2  1  1  2 
 1  4  2  2  1  2  3  2  1  1  1  2 
 3  4  7  6  4  4 10  5  4  6  9  7 
 3  8  7  6  7  4 10  7  5  8  9 10 
 1  4  2  2  1  2  3  2  1  1  1  2 
 1  4  2  2  1  2  3  2  1  1  1  2 
 1  2  2  2  1  1  3  2  1  1  1  2 
 1  2  2  2  1  1  3  2  1  1  1  2 
 9  5  2 10  4  5  9 10  5  7 10  7 
10  5  4 10  4  9  9 10  5  7 10  7 
10  5  7 10  9  9  9 10  6  7 10  7 
10 10  7 10  9  9  9 10  6  7 10  7 
 9  3  2  1  4  5  4  5  1  7  2  3 
 9  3  2  6  5  6  4  8  8  7  3  9 
 9  4  4 10  6 10  4 10  8  7  7  9 
 9  5  8 10  6 10  6 10  8  7  9 10 
Відношення строгого порядку на мн-ні критеріїв
(впорядкування за спаданням важливості):
k2>k10>k12>k8>k5>k3>k6>k4>k7>k9>k1>k11
Відношення квазіпорядку на мн-ні критеріїв
(класи впорядковані за зростанням важливості):
{k1,k5,k8,k10} < {k4,k7,k11} < {k2,k3,k6,k9,k12} 