 1  5  7  4  7  6  9  5  9  5  4 10 
 1  5  5  4  4  5  8  5  3  5  4  6 
 1  5  5  3  4  5  8  5  3  5  4  3 
10  5  5  5  8  5  8  9  3  5  4  8 
 1  1  5  3  4  5  1  5  3  3  4  1 
 2  4  9  3  5  5  4  5 10  3  7 10 
 1  2  7  1  5  1  4  5  5  3  3 10 
 1  2  4  1  5  1  4  5  5  1  3 10 
 7  5  9  5  5  8  8  7  5  6  6 10 
 7  5  5  4  3  3  8  4  2  6  6  3 
 7  5  5  4  7  5  8  5  8  6  6  3 
 7  5  9  7  7 10  8  5  8  7  6 10 
 1  2  4  1  5  1  3  1  5  1  3  1 
 1  2  4  1  5  1  3  1  2  1  1  1 
 1  2  4  8  5  9 10  5  8  9  6 10 
 1  2  4  8  4  9  7  3  8  1  3  6 
 1  2  4  3  1  5  6  3  3  1  3  3 
 7  5  4  3 10  5  6  5  3  3  3  3 
 7  5  4  3  3  3  2  4  2  3  2  3 
 7  5  4  3  3  3  2  4  2  3  2  3 
Відношення строгого порядку на мн-ні критеріїв
(впорядкування за спаданням важливості):
k10>k5>k1>k4>k9>k2>k6>k3>k7>k11>k12>k8
Відношення квазіпорядку на мн-ні критеріїв
(класи впорядковані за зростанням важливості):
{k2,k4,k8,k9} < {k5,k7,k11} < {k1,k3,k6,k10,k12} 