 3  4  7  9  7  8  1  6  2  6  2  9 
 7  4  7  9  7  9  9  6 10  9  3  9 
 7  6  9  9  7  9  9  6 10  9  4  9 
 9  6  9  9  7  9 10  8 10  9  4  9 
 9  6  9  9  7  9 10 10 10  9  5 10 
 8  3  9  1  3  8  8  8  9  3  5  8 
 9 10  9  9  7  9 10 10 10  9  5 10 
 5  6  3  9  3  9  9  8  1  7  5 10 
 9  6  9  9  9  9 10 10 10  9  8 10 
 2  2  6  5  3  3  2  6  3  5  4 10 
 2  2  3  5  3  3  2  6  1  5  2  1 
 9  4  6  5  9  8  2  6  4 10  7  7 
 9  9  9  8  9  8 10  8  9 10  7  8 
 1  9  2  7  3  8  1  7  2 10  5  5 
 9  9  6  9  9  8  4  8  9 10 10  8 
 4  4  1  3  5  3  4  3  9  9  9  5 
 4  1  1  3  5  1  4  3  5  9  4  5 
 2  1  1  3  5  1  4  3  2  3  4  5 
 9  9  9 10  9  8 10  8  9 10 10 10 
 5  9  2  7  3  2  4  8  9  5  2  2 
Відношення строгого порядку на мн-ні критеріїв
(впорядкування за спаданням важливості):
k2>k5>k8>k6>k4>k7>k3>k12>k10>k1>k9>k11
Відношення квазіпорядку на мн-ні критеріїв
(класи впорядковані за зростанням важливості):
{k2,k6,k9,k12} < {k1,k3,k5,k7} < {k4,k8,k10,k11} 