 7  1 10  6  3  3  8  2  8  6 10  5 
 7  4 10  6  6  9  8  9  8  8 10  5 
 9  9 10  6  6  9  8  9  8  8 10  5 
 4  9  8  4  5  1  8  3  5  6  1  5 
 3  4  8  4  5  1  2  3  5  5  1  5 
 1  4  5  4  5  1  2  3  5  3  1  5 
 1  4  2  4  4  1  1  1  5  1  1  5 
 2  4  7  7  4  9  2  7  5  1  5  5 
 9  4 10  8  6  9  9  9  8  8 10  5 
 9  5 10 10  6  9  9  9  8  8 10  5 
 9  5 10 10  6  9  9  9  8  8 10  5 
 7  5  3  8  6  9  6  9  2  4  8  5 
 9  5 10  8 10  9  8  9  9  9 10  5 
 9  8 10  8 10  9  8  9  9  9 10  5 
 9  8 10 10 10  9  9  9  9  9 10  5 
 9  8 10 10 10  9  9  9  9  9 10  5 
 9  9 10 10 10  9 10 10  9  9 10  5 
 8  5  9  6  9  3 10  5  9  5  7  5 
 9  9 10  6  9  9 10  9  9  8 10  5 
 9  9 10  9  9  9 10  9  9  8 10  5 
Відношення строгого порядку на мн-ні критеріїв
(впорядкування за спаданням важливості):
k3>k2>k7>k8>k12>k11>k1>k5>k9>k4>k6>k10
Відношення квазіпорядку на мн-ні критеріїв
(класи впорядковані за зростанням важливості):
{k1,k10,k12} < {k3,k4,k5,k7} < {k2,k6,k8,k9,k11} 