 4  6  6  4  2  4  8  6  9  8  3  6 
 4  6  1  4  2  4  8  4  4  2  3  1 
 9  8  6  6  5  7  8  6  9  8  6  6 
 9 10  9  7 10  7  8  6  9  8  6  6 
 9 10 10  9 10  7  8  6  9  8  6  6 
 4  3  7  4  4  7  8  6  9  4  6  4 
 9 10 10  9 10  9  9 10  9  8 10  6 
 3  1  9  9 10  4  2  7  1  8  8  6 
 8  6  9  9 10 10  8  7  9  8  8  7 
 2  5  6  5  7  5  7  7  1  7  8  7 
 4  8  8  9 10  5  8  7  7  7  8  7 
 4  4  3  5  8  5  3  2  4  7  8  7 
 8  8  9  9 10 10  8  7  9  8  9  7 
 8  8  9  9 10 10  8  7  9  8  9  7 
 8  8  9  9 10 10 10  7  9  8 10  8 
 8  8  9  9 10 10 10  7  9  8 10  8 
 2  6  6  2  2  4  7  6  3  7  3  6 
 2  6  1  2  2  3  6  1  1  7  3  6 
 9 10 10  9 10  9  9 10  9  8 10 10 
 9  6  4  9  8  9  4  1  4  6  8 10 
Відношення строгого порядку на мн-ні критеріїв
(впорядкування за спаданням важливості):
k6>k10>k7>k2>k11>k3>k9>k1>k12>k4>k5>k8
Відношення квазіпорядку на мн-ні критеріїв
(класи впорядковані за зростанням важливості):
{k2,k4,k6,k11} < {k1,k7} < {k3,k5,k8,k9,k10,k12} 