10  1  5  1  9  2  3  9  6  7  6  5 
 1  1  5  1  5  2  1  9  6  7  6  4 
 1  1  5  1  5  2  1  8  4  7  5  4 
 3  4  5  3  7  6  7  9  8  7  5  4 
 1  1  5  1  5  2  1  8  4  7  5  4 
 8  8  5 10  5  8 10  8  7  7  5  7 
 8  8  5 10  7  8 10  9  8  7  5 10 
 8  2  5  3  7  8 10  3  5  3  2  6 
 8  5  5  5  9  9 10  9  6  7  9  6 
 2  5  5  3  4  9  6  4  6  5  8  1 
10  5  5  3  6  9  9 10 10  7  8  8 
 1  5  4  1  5  8  7  3 10  4  7  8 
 5  8  6  2  7  8  7  8 10  7  7  8 
 5  4  6  2  1  5  5  5  1  7  7  5 
10  5 10 10  5  5  6  9  8  7  7  5 
 5  5  6  4  3  2  1  5  3  7  1  5 
10  8  6  6  6 10  9 10 10  7  8  8 
 3  4  4  1  6 10  3  6  4  7  1  2 
 8  9  6  5  6 10  3  9  4  7  8  5 
 9 10  9  5  6 10  3  9 10 10  9  5 
Відношення строгого порядку на мн-ні критеріїв
(впорядкування за спаданням важливості):
k1>k8>k4>k10>k12>k3>k11>k5>k2>k7>k6>k9
Відношення квазіпорядку на мн-ні критеріїв
(класи впорядковані за зростанням важливості):
{k6,k8,k12} < {k4,k5,k10,k11} < {k1,k2,k3,k7,k9} 