 8  6  9 10  2 10  5  7  5  6  9  4 
 1  3  2  4  2  7  5  1  5  1  3  4 
 1  3  2  4  2  3  5  1  1  1  1  4 
 8  9  4  5  8  3  5  6  2  5  4  5 
 8  9  9  7  8  6  9  7  9  5 10  8 
 5  1  5  7  6  1  6  4  9  5  2  4 
 8 10  9 10 10 10  6  7  9  7  9  8 
 8 10  9 10 10 10  7  9  9  7  9  8 
 8  5  6  7  2  8  4  4  5  4  6  2 
 6  3  5  7  2  4  3  4  5  2  6  2 
 5  1  5  3  2  1  3  4  5  2  2  2 
 5  3  6 10  6  2  3  6 10  2 10  6 
 8 10  9 10 10 10  6  7 10  7 10  8 
 8 10  9 10 10 10  6  7 10  7 10  8 
 7  6  3  6  7  8  4  1  5  7  2  8 
 7  7  3  6  7  8  9  3  5  7  8  8 
 7  7  5  7 10  8  9 10  5  7  8  8 
 5  6  5  6  9  7  2  6  1  3  1  8 
 7  7  5 10 10  8  9 10  6 10  8  8 
 1  7  3  3  1  3  7  1  6  1  8  1 
Відношення строгого порядку на мн-ні критеріїв
(впорядкування за спаданням важливості):
k9>k11>k12>k10>k8>k1>k7>k5>k3>k2>k4>k6
Відношення квазіпорядку на мн-ні критеріїв
(класи впорядковані за зростанням важливості):
{k3,k6,k12} < {k4,k9,k10,k11} < {k1,k2,k5,k7,k8} 