10  4  8  2  6  3  1  6 10  3  9  2 
10  4  8  2  7  3  3  6 10  9  9  3 
10 10  8  5  7  5  6  6 10  9  9  5 
 3  6  1  3  7  4  6  6  3  7  7  4 
 3  6  1  1  3  4  2  6  3  7  7  2 
 3  6  7  3  9  5 10  8  8  7  7  7 
 3  4  5  2  1  3  2  2  2  4  2  2 
 3  4  4  2  1  3  2  2  2  4  2  2 
 3  6  7  9  9  5 10  8 10  7  7  7 
 5  6  7  9  9  5 10  8 10  8 10  7 
 3  5  7  3  7  5  3  4  8  3  5  5 
 3  2  6  3  7  5  3  4  1  1  5  3 
 3  2  4  3  4  5  3  1  1  1  2  3 
 9  7  4  9  4  5  6  3  5  3  3 10 
 9  7  4 10  7  9  6  8  7  8  7 10 
 7  7  4  3  2  7  6  3  1  5  6  9 
 7  7  7  6  9  8  7  4  8  9  9  9 
 7  7  8  6  9  8  7  8  8  9  9  9 
 7  8  8 10  9  8  8  8  8  9  9  9 
 7  8  9 10  9  8  8  8  8  9  9  9 
Відношення строгого порядку на мн-ні критеріїв
(впорядкування за спаданням важливості):
k10>k11>k5>k8>k1>k9>k4>k7>k2>k12>k6>k3
Відношення квазіпорядку на мн-ні критеріїв
(класи впорядковані за зростанням важливості):
{k2,k4,k7} < {k6,k9} < {k1,k3,k5,k8,k10,k11,k12} 