 8  8  1 10  2  8  7  9  2 10  2  9 
10 10  9 10  7  8  7  9  8 10  6  9 
10 10  9 10  7  8  9  9  8 10  9  9 
 5  8  1  5  3  4  2  1  8  8  6  1 
10 10 10 10 10  8  8  9  8 10  6  9 
 5  7  5  7  4  8  8  9  3  6  2  1 
10 10  9 10 10  8  9  9  8 10  9  9 
10 10  9 10 10  8  9  9  8 10  9  9 
 5  5  2  9  3  8  1  4  6  4  1  1 
 8  5 10  9  7  8  3  7  9  4  3  8 
 1  5  6  6  7  5  3  7  5  4  1  8 
 3  5  7  6  7  5  3  9  5  4  8  8 
 5  5 10  9  7  8  7  9  6 10 10  8 
 5  5 10  5  2  5  1  2  6  5  9  2 
 5  5  2  5  2  5  1  2  6  4  1  1 
 8  7  2  5  2  5  5  6  6  8  5  5 
 8  7 10  9  7  8  5  7  9  8  9  8 
 1  3  5  6  7  3  5  2  9  4  3  3 
 1  3  5  1  7  3  5  2  2  4  2  3 
 4 10  5 10  7  7 10  3  5  6  3  9 
Відношення строгого порядку на мн-ні критеріїв
(впорядкування за спаданням важливості):
k11>k2>k7>k8>k3>k12>k6>k4>k5>k1>k10>k9
Відношення квазіпорядку на мн-ні критеріїв
(класи впорядковані за зростанням важливості):
{k1,k5,k6,k12} < {k7,k10} < {k2,k3,k4,k8,k9,k11} 