 8 10  5  4  5  5  5  4 10 10  6  7 
 8 10  5  4  8  9  8  6 10 10  6  9 
 8 10  8  4  8  9  8 10 10 10  7 10 
 7  9  8  4  8  5  3  1  9  2  6  7 
 7  5  2  4  2  5  3  1  8  1  6  7 
 6  5  2  1  2  1  3  1  4  1  6  7 
 8 10  5  4  8  9  8  6 10 10  6  9 
 4  2  5  3  3  9  8  3  9  8  6  9 
 4  2  2  1  2  1  3  1  2  1  6  3 
 3  2  2  1  2  1  3  1  2  1  6  2 
 8 10 10  4  8 10  9 10 10 10  7 10 
 9 10 10 10  8 10  9 10 10 10  7 10 
10 10 10 10  9 10  9 10 10 10  7 10 
10 10 10 10  9 10  9 10 10 10  7 10 
 6  9  1  4  5  2  5  4  4  2  5  2 
 2  9  1  3  4  2  5  4  4  2  4  2 
 9  9  3  6  9  7  5  8  9 10  6 10 
 4  7  3  6  1  3  1  7  9  2  6  5 
 4  7  3  1  1  1  1  1  3  1  1  1 
 4  1  2  1  1  1  1  1  3  1  1  1 
Відношення строгого порядку на мн-ні критеріїв
(впорядкування за спаданням важливості):
k2>k1>k7>k3>k6>k11>k5>k12>k4>k9>k8>k10
Відношення квазіпорядку на мн-ні критеріїв
(класи впорядковані за зростанням важливості):
{k1,k7,k8} < {k2,k11,k12} < {k3,k4,k5,k6,k9,k10} 