 5  6  3  5  4  4  4 10  9  6  9  6 
 3  6  3  5  4  4  4  1  6  3  9  2 
 5  8 10  6  4  5  4 10  9  8  9 10 
 5  8 10  6  8 10  9 10  9  8 10 10 
 3  6  1  5  4  4  4  1  5  3  7  2 
 7  6  1 10  7  9 10  1  5  4  7  4 
 1  2  1  5  3  4  4  1  5  3  7  2 
 1  3  1  6  3  4  4 10  5  5  9  2 
 9  6 10  6  3  4  6 10  5  6  9  7 
 9  6 10  8  8  4  6 10  5  6  9  7 
 9  6 10 10  8  9 10 10  5 10  9  7 
 3  6  6  1  2  1  5  7  2  8  7  1 
 9  6 10 10  8  9 10 10  5 10  9 10 
 6  4  9 10  4  2  8  1  3  5  3  3 
 5  4  8  4  1  1  4  1  3  4  1  3 
 6  8  8  4 10  6  4  7 10  4  2  8 
 6 10  8 10 10  6  7  7 10  4  9  8 
 6 10  8 10 10  6  9  7 10  4  9  8 
 6 10 10 10 10 10  9 10 10  8 10 10 
 6 10 10 10 10 10  9 10 10  8 10 10 
Відношення строгого порядку на мн-ні критеріїв
(впорядкування за спаданням важливості):
k5>k4>k6>k1>k10>k9>k12>k2>k11>k3>k8>k7
Відношення квазіпорядку на мн-ні критеріїв
(класи впорядковані за зростанням важливості):
{k8,k9,k11} < {k1,k3,k7} < {k2,k4,k5,k6,k10,k12} 