 8  4  1  8  9  4  1  2  8  8  5  7 
 5  1  1  1  9  2  1  2  8  3  2  2 
 8  4  8  8  9  4  5 10 10  8  8  7 
 6  4  7  3  1  4  4  8  6  8  2  6 
 7  6  7  8  9  9 10  8  8  8  3  9 
 7  9  7  8  9 10 10  8  9 10  3  9 
 4  1  1  1  5  2  1  2  8  3  2  1 
 4  1  1  1  5  2  1  2  5  3  2  1 
 4  1  1  1  1  2  1  2  5  3  1  1 
 4  1  1  1  1  2  1  2  2  3  1  1 
 9  6  7 10  9  9 10  8  8  8  6  9 
 9 10  9 10  9  9 10  9  8  8  9  9 
 6  2  7  1  1  4  4  1  6  8  2  6 
 1  2  7  1  1  4  4  1  5  3  2  3 
 8  7  8  8  9  7  5 10 10 10  8  9 
 8  7  8 10  9  7  6 10 10 10  8  9 
10  9  8 10  9  7  6 10 10 10  8  9 
 1  4  5  5  6  7  6  7  6  7  8  9 
 1  4  4  3  6  1  6  4  6  7  5  3 
 1  3  4  3  1  1  3  4  5  7  2  3 
Відношення строгого порядку на мн-ні критеріїв
(впорядкування за спаданням важливості):
k7>k11>k12>k10>k3>k4>k9>k6>k8>k5>k1>k2
Відношення квазіпорядку на мн-ні критеріїв
(класи впорядковані за зростанням важливості):
{k4,k5,k6,k8} < {k1,k3} < {k2,k7,k9,k10,k11,k12} 