 1  3  3  4  8  5  4  6  8  5  6  5 
 1  3  3  4  7  4  4  6  4  5  1  5 
 5  3 10  4  8  5  4  9  8 10  6  6 
 1  1  9  4  3  5  4  6  6  7  3  6 
 9  5  9  4  8  9 10  6  9  7  6  6 
 3  2  6  1  5  4  9  4  8  2  4  6 
 3  2  2  1  5  4  4  4  6  2  4  2 
 1  2  2  1  4  4  4  4  6  2  4  2 
 1  2  2  1  4  4  4  4  4  2  3  2 
 4  4 10  9  4  7  8  9  4  2  4  4 
 6  4 10  9  7  7  8  9 10  2  4  4 
 6  3  9  7  1  2  2  9  1  1  1  4 
 1  2  2  1  1  1  1  4  1  1  1  2 
 1  2  2  1  1  1  1  1  1  1  1  1 
 1  2  2  1  1  1  1  1  1  1  1  1 
 7  4  3  4  7 10  7  2  3  1  3  7 
 6  4  3  1  2  7  6  2  1  1  3  4 
 6  4  3  1  2  3  6  2  1  1  3  4 
 7  6  6  8  8  9  6  6  8  5  6  8 
 7  6  9  8  8  9  6  6 10  9  6  8 
Відношення строгого порядку на мн-ні критеріїв
(впорядкування за спаданням важливості):
k4>k2>k8>k9>k10>k5>k3>k7>k12>k1>k6>k11
Відношення квазіпорядку на мн-ні критеріїв
(класи впорядковані за зростанням важливості):
{k1,k2,k3,k11} < {k4,k6,k10} < {k5,k7,k8,k9,k12} 