 9  3 10  3  6  2  3  2  9  1 10  7 
 4  3  6  3  4  2  2  2  7  1  5  7 
 4  3  6  3  4  2  1  2  7  1  5  7 
 4  3  5  3  4  2  1  2  2  1  2  7 
 4  3  3  1  4  2  1  2  2  1  2  7 
 2  3  3  1  4  2  1  2  2  1  2  4 
 2  3  2  1  4  2  1  1  2  1  2  3 
 1  3  2  1  4  2  1  1  2  1  2  3 
 9  4 10  3  8  8  3  5  9  3 10  9 
 7  4  9  3  2  1  3  1  5  3  1  8 
 1  3  5  3  2  1  1  1  2  1  1  7 
 1  1  1  2  2  1  1  1  2  1  1  6 
 1  1  1  1  2  1  1  1  1  1  1  4 
 4 10  8  3  7  1  6  4  7  3  3  6 
 1  1  1  2  2  1  1  1  2  1  1  6 
 1  1  1  2  2  1  1  1  2  1  1  1 
 1  1  1  2  2  1  1  1  2  1  1  1 
 2  8  5  5  2  8  4  7  3  9  8  3 
 1  1  1  2  2  1  1  1  1  1  1  3 
 1  1  1  2  2  1  1  1  1  1  1  3 
Відношення строгого порядку на мн-ні критеріїв
(впорядкування за спаданням важливості):
k5>k12>k11>k9>k8>k10>k7>k1>k6>k4>k3>k2
Відношення квазіпорядку на мн-ні критеріїв
(класи впорядковані за зростанням важливості):
{k1,k8,k10,k11} < {k5,k12} < {k2,k3,k4,k6,k7,k9} 