 7  9  1  3  1  8  3  5  3  6  8  3 
 7  9  2  3  2  9  8  5  8  7  8  9 
 7  8  1  3  1  8  3  1  1  3  6  2 
 7 10  8  8  3  9  3  7 10  7  7  7 
10 10  8  8  3  9  3  8 10  7  7  7 
10 10  8  9  8  9  6  8 10  7 10  7 
10 10  8  9 10  9  6  8 10 10 10  7 
10 10  8  9 10  9  8 10 10 10 10  7 
10 10  8  9 10  9  8 10 10 10 10  7 
10 10 10  9 10 10  8 10 10 10 10  7 
10 10 10  9 10 10  8 10 10 10 10  7 
 7  8  5  6  8  5  8 10 10 10  3  5 
10 10  8  9  8  9  8 10 10 10 10 10 
 1  1  8  7  6  9  3 10  9  6  6  4 
 8  9  9  7 10 10  7 10  9 10  8  8 
 8  9  9  7 10 10  8 10  9 10  8  8 
 8  5  7  7  3  9  5  1  5 10  8  3 
 1  5  7  7  3  4  4  1  1  6  8  3 
 1  4  7  7  3  3  3  1  1  4  7  3 
 4  4  7  7  9  7 10  8  4  4  7  3 
Відношення строгого порядку на мн-ні критеріїв
(впорядкування за спаданням важливості):
k1>k10>k5>k8>k3>k4>k7>k12>k6>k9>k11>k2
Відношення квазіпорядку на мн-ні критеріїв
(класи впорядковані за зростанням важливості):
{k3,k5,k7,k11} < {k1,k2} < {k4,k6,k8,k9,k10,k12} 