 9  5 10  6  2  5  3  5  2  7  8  1 
 9  5 10  6  6  7  3  6  2  7  8  9 
 9  7 10  8  6 10  3  6  2  7  8  9 
 1  7  9  4  6  4  3  2  2  7  8  2 
 1  3  8  4  6  4  1  2  2  5  8  2 
 9  4  8  6  6  6  2  5  8  6  8  2 
 4  4  6  1  6  6  2  5  2  3  4  2 
 6  6 10  6  6 10  3  6  3  3  4  7 
 2  5  6  4  2  5  3  2  2  3  4  1 
 2  3  1  4  2  5  3  2  2  2  4  1 
 2  3  1  4  2  3  1  2  2  2  4  1 
 2  3  1  4  2  3  1  2  2  2  4  1 
 9  6  7  4  2  7  8  3  5 10  7 10 
 7  6  5  3  1  7  4  2  5  1  3  4 
 7  6  5  1  1  5  2  2  5  1  3  1 
 7  5  5  1  1  5  2  2  5  1  3  1 
 4  4  5  1  1  1  2  2  5  1  3  1 
 2  4  5  1  1  1  2  1  1  1  3  1 
 9 10 10  6  6  7  6  6  2  7  8  9 
 6  5  5  6  6  2  5  6  2  7  8  9 
Відношення строгого порядку на мн-ні критеріїв
(впорядкування за спаданням важливості):
k10>k3>k2>k7>k12>k8>k9>k11>k6>k1>k5>k4
Відношення квазіпорядку на мн-ні критеріїв
(класи впорядковані за зростанням важливості):
{k1,k8,k12} < {k2,k3,k7,k10} < {k4,k5,k6,k9,k11} 