 7  1  1 10  2  9  3  8  8  4  1  9 
 7  5  6 10  6  9  3  8  8 10  5  9 
 7  5  6 10  6  9  3  8  8 10  6  9 
 7  5  9 10 10  9  9  8  8 10  6  9 
 7  6 10 10 10  9  9  8  8 10  6  9 
 5  2  8  4  1  2  9  5  8  3  5  8 
 5  2  6  4  1  1  1  5  8  3  5  2 
 9  3  9  4  5  3 10 10  9  6  5  2 
 9  5  9 10  9  9 10 10  9 10  5  9 
 9  5  9 10  9  9 10 10  9 10  9  9 
 2  1  6 10  6  1  3  8  8  3  6  1 
 2  1  4  2  2  1  3  2  8  2  6  1 
 9  6  9 10  9  9 10 10  9 10  9  9 
 2  6  5 10  5  8  5  1  1  8  1  6 
 2  3  5  1  5  6  3  1  1  8  1  1 
 6  3  6  5  5  6  3  8  5  8  2  4 
 2  1  6  5  5  1  2  5  5  3  2  1 
 2  1  6  5  5  1  2  2  3  3  2  1 
 2  1  3  5  1  1  2  2  3  2  2  1 
 2  1  3  5  1  1  2  2  3  2  2  1 
Відношення строгого порядку на мн-ні критеріїв
(впорядкування за спаданням важливості):
k6>k11>k2>k4>k12>k9>k1>k3>k7>k10>k5>k8
Відношення квазіпорядку на мн-ні критеріїв
(класи впорядковані за зростанням важливості):
{k1,k2,k4,k11} < {k6,k8,k12} < {k3,k5,k7,k9,k10} 