 6  2 10  2  2  9  6  3  5  6  9  7 
 6 10 10  9  7  9  6  6  5  7  9  8 
 6  1  6  2  2  9  6  3  5  5  9  6 
 7  8  6  4  9 10  6  7  5  8  9  6 
 7 10 10  9 10 10  7  7  8  9  9  8 
 7 10  4  5  4  1  7  5  4  5  8  8 
 7 10  6  7 10  9  9  5  8  5  9  8 
 7  7  6  7  8  6  1  4  8  3  3  8 
 7 10  8  9 10 10  9  5  8  5  9  8 
 7  3  8  2  5  1  3  5  3  3  2  6 
 9 10 10  9 10 10  9  5  8  5  9  8 
 7  4  3  6  5  2  7  5  8  3  9  8 
 7 10  4  6  5  9  7  9  8  5  9  8 
 7 10  4  2  5  4  7  9  6  5  3  1 
 7  7  4  2  5  2  6  3  2  5  3  1 
 2  7  1  2  5  2  6  3  2  5  3  1 
 2  7  1  2  2  2  1  3  2  5  1  1 
 1  7  1  2  2  1  1  3  2  3  1  1 
 7 10  8  9 10 10  9  5  8  8  9  9 
 7  2  8  3  9  7  1  3  1  8  1  1 
Відношення строгого порядку на мн-ні критеріїв
(впорядкування за спаданням важливості):
k9>k2>k7>k6>k10>k12>k3>k8>k4>k11>k1>k5
Відношення квазіпорядку на мн-ні критеріїв
(класи впорядковані за зростанням важливості):
{k1,k4,k5,k8} < {k2,k12} < {k3,k6,k7,k9,k10,k11} 