 2 10  5  2  9  7  9  2 10  3  5 10 
 2 10 10  4  9  7  9  3 10  7  7 10 
 2  2  4  2  4  2  3  2  2  3  4  9 
 2  2  4  1  4  2  3  1  2  3  1  9 
 2  2  4  1  4  2  3  1  2  3  1  7 
 1  2  4  1  4  2  3  1  2  3  1  2 
 1  1  4  1  4  2  2  1  2  3  1  2 
 3  9  5  8  6  2  4  9  6  7  6  9 
 7  9  7  8  6  5  7  9  6  7  6  9 
 8  9  7  8 10  6  7  9 10  7  6  9 
 2  2  4  1  4  2  3  1  2  3  1  1 
 2  2  1  1  1  2  3  1  2  3  1  1 
 2  2  1  1  1  2  3  1  2  2  1  1 
 2  2  1  1  1  2  3  1  2  2  1  1 
 2  2  1  1  1  2  1  1  1  2  1  1 
 4  9  1 10  4  3  7  3  5  5  8  4 
 2  2  1  1  4  2  2  1  2  3  1  4 
 1  2  1  1  4  2  2  1  2  2  1  2 
 1  1  1  1  4  1  2  1  1  2  1  2 
 1  1  1  1  4  1  2  1  1  2  1  2 
Відношення строгого порядку на мн-ні критеріїв
(впорядкування за спаданням важливості):
k4>k9>k3>k6>k5>k2>k12>k11>k7>k10>k1>k8
Відношення квазіпорядку на мн-ні критеріїв
(класи впорядковані за зростанням важливості):
{k1,k3,k4,k6} < {k5,k7,k8,k9} < {k2,k10,k11,k12} 