 2  4  1  8  1  9  2  8  8  8  9  2 
 2  4  1  2  1  9  2  8  7  5  1  2 
 2  4  1  2  1  2  2  7  1  5  1  2 
 1  2  1  2  1  2  2  1  1  3  1  2 
 4  4  6  7 10  7  2  7 10  5  3  7 
 6 10  9  7 10  7  4  7 10  6  9 10 
 2  4  1  2  1  7  2  2  7  4  1  1 
 1  4  1  2  1  5  2  2  7  4  1  1 
 1  1  1  2  1  5  2  2  7  4  1  1 
 1  1  1  2  1  5  2  2  4  2  1  1 
 2  4 10  6  4  5 10  6  7  9  7  8 
 1  4  9  6  3  1  2  6  4  3  5  2 
10 10  9  6  3  7  7  8  7 10 10  5 
 9  2  5  6  3  6  7  4  7  7  5  5 
 9  8  5  6  3  6  7  7  7  7  6  5 
 7  6  5  6  3  4  6  6  3  1  6  5 
 1  2  1  2  1  2  2  1  1  1  1  2 
10  2 10  2  1  2  5  6 10  8  7  4 
 2  2  1  2  1  2  2  1  4  2  1  2 
 2  2  1  2  1  2  2  1  4  2  1  2 
Відношення строгого порядку на мн-ні критеріїв
(впорядкування за спаданням важливості):
k12>k6>k11>k10>k8>k5>k1>k2>k3>k4>k7>k9
Відношення квазіпорядку на мн-ні критеріїв
(класи впорядковані за зростанням важливості):
{k5,k8,k12} < {k3,k10,k11} < {k1,k2,k4,k6,k7,k9} 