 1  3  1 10  8  2  1  2  2 10  1  1 
 8  4  1 10  8  9  2  7  8 10  3  5 
 8  7  6 10  8  9  2  7  8 10  8  6 
 8  7  6 10  8  9  9 10  8 10  8  6 
 8  7 10 10  8  9  9 10  8 10  8  7 
 8  2  9  8  8  6  3  8  7  7  6  1 
 8  8 10 10  8  9 10  8  8 10  6  9 
 9  8 10 10  8  9 10  8  8 10  7  9 
 3  7  4  6  8  9  4  8  1  4  6  2 
 5  9  6  6  8  9  4  8  1  4  6  2 
 5  7  2  2  4  4  3  4  1  1  6  2 
 5  3  2  2  4  4  3  1  1  1  6  2 
 3  3  2  2  1  4  3  1  1  1  6  2 
 8 10  2  7  8 10  8  4  5  2  9  9 
 8 10  9  8  8 10  8  8  7  7  9  9 
 2  1  5  5  8  5  6  4  1  7  9  9 
 8  8 10 10 10  9 10  8  8 10  9  9 
 8  2  9  4  8  4  6  3  2 10  9  2 
 8 10  9 10  8  8 10  4  2 10  9 10 
 8 10  9 10  8 10 10  8 10 10  9 10 
Відношення строгого порядку на мн-ні критеріїв
(впорядкування за спаданням важливості):
k10>k4>k12>k8>k6>k2>k5>k11>k9>k1>k7>k3
Відношення квазіпорядку на мн-ні критеріїв
(класи впорядковані за зростанням важливості):
{k6,k7,k8,k9} < {k1,k2,k5,k12} < {k3,k4,k10,k11} 