 2  1  3  2  8  5  1  5  1  1  9  9 
 2  1  3  2  2  3  1  5  1  1  4  7 
 2  1  1  2  2  3  1  3  1  1  4  5 
 2  6  4 10  3  3  3  3  3  7  6  9 
 4  8  4 10  7 10  3  4  3  7  6  9 
 3  8  4 10  3  7  3  4  3  7  1  9 
 5  8  8 10  7  7 10  4  3  7  6  9 
 2  5  8  8  2  6  3  4  3  7  1  8 
 4  5  8 10 10 10  3  6  6  7 10  8 
 4  5  6  1  9  9  3  6  5  2  8  8 
 4  6  6 10  9  9  3  6  9  7  8  9 
 4  9  8 10  9  9  5  6  9  7  8  9 
 5  9  8 10 10 10  5  6  9  7 10  9 
 5  9  5  5 10  2  3  4  9  1  3  6 
 9  9  7  5 10  5  5  8  9 10  9  9 
 6  3  7  5  1  5  5  8  3  5  8  8 
 4  1  6  1  1  3  3  6  3  2  8  3 
 4  3 10  3  6  8 10  6 10  8  8  8 
 4  6 10 10  9  9 10  6 10  8 10  9 
 4  6  7  6  7  5  6  3  3  4  1  6 
Відношення строгого порядку на мн-ні критеріїв
(впорядкування за спаданням важливості):
k11>k8>k5>k4>k2>k6>k7>k1>k12>k3>k9>k10
Відношення квазіпорядку на мн-ні критеріїв
(класи впорядковані за зростанням важливості):
{k1,k9,k10,k11} < {k5,k7} < {k2,k3,k4,k6,k8,k12} 