 3  1  5  7  1  1  2  4  6  3  7  3 
 2  1  5  7  1  1  2  4  5  3  1  3 
 2  1  3  1  1  1  2  4  5  1  1  3 
 5  3  7  2  2  5 10  4  5  1  4  7 
 5 10  7  6  2  5 10  7  6  1  8  7 
 9 10  7  6  2  7 10  7  6  8  9  7 
 2  1  1  1  1  1  2  4  5  1  1  3 
 1  1  1  1  1  1  2  4  5  1  1  3 
 1  1  1  1  1  1  2  4  5  1  1  3 
 8  4  2  7  3  4  7  4  5  3  8  3 
 5  3  2  2  2  1  2  1  2  1  4  3 
 5  3  2  2  1  1  2  1  2  1  4  3 
 2  3  2  2  1  1  2  1  1  1  4  2 
10  9  8 10  8  8  3  6  6  2  8  4 
10 10  8 10  8  8 10  7  6  8  9  7 
10 10  9 10  8  8 10  7  6  8  9  8 
10 10  9 10  8  8 10  7  9  8  9  8 
10 10  9 10  8  8 10  7  9  8  9  8 
 2  3  2  2  1  1  2  1  1  1  2  2 
 6  7  8  4  9  5 10  4  7  4  3  2 
Відношення строгого порядку на мн-ні критеріїв
(впорядкування за спаданням важливості):
k8>k4>k7>k12>k9>k3>k6>k1>k11>k2>k10>k5
Відношення квазіпорядку на мн-ні критеріїв
(класи впорядковані за зростанням важливості):
{k5,k6,k7,k12} < {k1,k8,k9,k10} < {k2,k3,k4,k11} 