 1  9 10  8  7  7  4  4  9  6  5  2 
 6  9 10  8  7  9  4  4  9  7  6 10 
 1  7  4  8  6  7  4  4  2  4  1  2 
 1  4  4  7  3  7  2  4  2  4  1  2 
 1  4  4  2  3  1  2  3  2  4  1  2 
 5  9  4  2  3  8  2  5  9  9  5 10 
 1  4  4  2  3  3  2  4  2  4  1  2 
 1  3  2  2  3  3  2  4  2  4  1  2 
10  9 10  8  7  9  4  4  9 10  9 10 
10  9 10  8  7  9  5  4  9 10  9 10 
 1  2  2  2  3  3  2  4  2  4  1  2 
 1  8  6  6  3  9  7  7  3  4  1  8 
 1  1  3  6  3  7  2  3  2  4  1  2 
 1  1  3  2  3  3  1  1  2  4  1  2 
 1  1  2  2  3  3  1  1  2  3  1  2 
 3  3  8  5 10  3  3  3  7  8  1  8 
10  7 10  9 10  7  8  4  7  8  3  8 
10  7 10  9 10  7  8  4 10  9  3  9 
 4  6  2  2  3  7  2  2  9  3  3  8 
 1  4  2  2  2  7  1  1  5  3  3  8 
Відношення строгого порядку на мн-ні критеріїв
(впорядкування за спаданням важливості):
k4>k11>k3>k9>k5>k1>k7>k2>k12>k10>k6>k8
Відношення квазіпорядку на мн-ні критеріїв
(класи впорядковані за зростанням важливості):
{k1,k3,k6} < {k9,k10} < {k2,k4,k5,k7,k8,k11,k12} 