10  3 10 10  4  3  4  1  8  3  8  4 
 8  3  8  7  2  3  4  1  8  3  8  4 
10  8 10 10  4  9  4  3  8  4  8  7 
10  8 10 10  5  9  8  4  8  5  8  7 
 5  3  4  6  2  3  4  1  1  3  1  4 
 3  2  4  5  2  3  4  1  1  2  1  4 
10  8 10 10  7  9  4  8  8  5  8  7 
10  8 10 10  7  9  4  8  8  7  8  7 
10  8 10 10  7  9  9  8 10 10  8  7 
 1  4  2  5  7  8  9  8  1  1  2  7 
 1  2  2  5  2  3  4  1  1  1  1  4 
 1  2  2  1  2  3  4  1  1  1  1  4 
10  8 10 10  7  9  9  8 10 10  8 10 
10  9 10 10  7  9  9  8 10 10  8 10 
 2  7 10  1  7  1  4  8  5  7  6  7 
 2  7 10  1  7  3  4  8  5  9  6  8 
10  9 10 10 10  4  4  8  8  9  8  8 
10  9 10 10 10  4  9  8  8  9  8  8 
10 10 10 10 10  4  9  8  8  9  8  9 
 7 10  6  2  5  4  2  8  6  4  4  1 
Відношення строгого порядку на мн-ні критеріїв
(впорядкування за спаданням важливості):
k4>k2>k10>k1>k3>k9>k12>k5>k11>k7>k6>k8
Відношення квазіпорядку на мн-ні критеріїв
(класи впорядковані за зростанням важливості):
{k8,k9,k12} < {k1,k3,k10,k11} < {k2,k4,k5,k6,k7} 