10  8  8  7  5  7  2  1  8 10  6  6 
10  8 10  7  9  7  9  5  8 10  6  8 
10  5  4  2  1  6  2  1  5  7  5  6 
10  9  9  3  6  9  5  3  5  7  5  6 
10  9 10  8  9 10  9  5  8 10  6  8 
 8  2  3  3  4  9  2  5  1  9  6  6 
 8  2  3  3  4  7  2  1  1  9  5  2 
 1  2  3  3  4  7  2  1  1  7  5  2 
10  5  5  3  4  7  7  9  9  7 10  6 
 2  2  5  1  2  5  7  5  8  7  5  2 
10  8 10  7  9  7  9  5  8 10  6  8 
 9  8  6  2  6  4  4  5  6  2  6  7 
 8  2  3  2  2  3  2  1  1  2  5  2 
 8  1  3  1  2  3  2  1  1  2  5  2 
 8  2  5  2  4 10  6  3  4  5 10  2 
 6  2  5  2  2  1  5  3  4  5  9  2 
 8  7 10  6  5 10  6  7  7  7 10  7 
 3  1  8  2  4  5  6  6  7  1  5  2 
 2  1  1  1  4  2  4  3  6  1  5  2 
 5  5  7  3  4  4 10  3 10  8  5  9 
Відношення строгого порядку на мн-ні критеріїв
(впорядкування за спаданням важливості):
k12>k1>k2>k9>k6>k7>k11>k4>k8>k10>k5>k3
Відношення квазіпорядку на мн-ні критеріїв
(класи впорядковані за зростанням важливості):
{k2,k4,k6,k9} < {k1,k3,k7,k8} < {k5,k10,k11,k12} 