 1  5  3  6  4  3  3  8 10  1  3  7 
 1  3  3  2  4  3  2  8  2  1  3  5 
 1  3  3  2  4  3  2  8  2  1  3  2 
 1  3  3  2  4  3  2  8  2  1  3  2 
 2  9  3  6  4 10  3  8 10  7  6 10 
 5  9  8  7 10 10  9  8 10  7  6 10 
 5  9  9  7 10 10  9  8 10  7  7 10 
 5  4  2  5  3  2  9  2  9  7  3  2 
 6  9 10  6  6 10  9  8 10  7  6 10 
 5  1  4  3  4  2  4  6  1  4  6  1 
 1  1  3  2  1  2  2  4  1  1  3  1 
 6  6  3  4  8  9 10  4  9  6  7  1 
 6  6  9  7  8  9 10 10  9  6  7  2 
 6  6  8  7  1  6  3  5  3  2  4  1 
 6  9  9 10  7 10  4  8 10  7  6 10 
10  9  9 10  7 10 10  8 10  7  8 10 
10  9  9 10  7 10 10  8 10  7  8 10 
10  9  9 10  7 10 10  8 10  7  8 10 
 6  2  2  2  1  2  3  1  2  2  4  1 
 4  2  1  2  1  1  3  1  2  2  3  1 
Відношення строгого порядку на мн-ні критеріїв
(впорядкування за спаданням важливості):
k9>k6>k11>k7>k5>k10>k4>k12>k8>k2>k1>k3
Відношення квазіпорядку на мн-ні критеріїв
(класи впорядковані за зростанням важливості):
{k1,k8,k11} < {k2,k6} < {k3,k4,k5,k7,k9,k10,k12} 