10  3  9  2 10  6  8  4  5  8  4 10 
10  3  9  2 10  6  8  4  7  9  4 10 
10  5  9  4 10  8  8 10  7  9  7 10 
 6  4  5  4 10  3  3  5  7  3  7  4 
 5  4  5  2  9  1  3  1  1  2  1  3 
 6  7  5  2  9  1  3  5  3  9  6  9 
 6 10  8  6  9  1 10 10  7  9  6 10 
 6 10  8  6  9  3 10 10  7  9  6 10 
 6  4  1  4  1  3  1  7  7  3  6  4 
 6  4  1  4  1  3  1  5  7  3  6  4 
10  4  9 10 10  6  8  7  7  9  6 10 
10  9  9 10 10  6  8  9  8  9  6 10 
10  9  9 10 10  9 10  9  8  9  6 10 
10  3  3  7  3  9  5  3  6  3  6  6 
 2  3  3  2  2  3  1  3  5  3  4  4 
10  3  6  4  6  8  4  7  5  9  8  4 
10  9  9 10 10  9 10 10  8  9 10 10 
10  9  9 10 10 10 10 10  8  9 10 10 
10  9  9 10 10 10 10 10  8  9 10 10 
10  9 10 10 10 10 10 10  8  9 10 10 
Відношення строгого порядку на мн-ні критеріїв
(впорядкування за спаданням важливості):
k3>k8>k1>k12>k11>k9>k5>k4>k7>k2>k6>k10
Відношення квазіпорядку на мн-ні критеріїв
(класи впорядковані за зростанням важливості):
{k1,k4,k8,k9} < {k3,k11} < {k2,k5,k6,k7,k10,k12} 