10  9  2  7  7  7  8  4  6  5  4  4 
 5  3  2  7  7  5  2  4  6  5  4  4 
10  9  4  8  7  8  8  4 10  6  5  9 
 1  5  3  1  6  8  6  3  2  1  5  5 
 5  5  3  8  7  9 10  4  6  5  5  5 
 6  8  3  9  7  9 10  8  6  5  5  8 
 6  7  3  8  7  5  2  3  6  5  5  3 
 8  9  9  8 10  5  5  8  9  7  5  7 
 6  4  3  6  7  5  2  1  4  5  5  3 
 6  4  3  4  7  3  2  1  4  5  5  3 
 6  4  1  4  2  3  2  1  4  5  5  3 
 6  9  9  4  7 10  3  1  4  6  5  5 
10  9  9  8  7 10  8  7 10  6  5  9 
10  9  9  8  9 10 10  7 10  6  5  9 
 8  2  1  8  4  4  5  4  9  6  5  7 
 5  2  1  5  3  4  1  4  8  6  1  6 
 6 10  8  9  7  9 10 10  8  9  5  8 
 6 10  8  9  9  9 10 10  8  9  7  8 
 6 10  8  9 10  9 10 10  8  9  7  8 
 3  3  4  5  9  4  7  1  4  1  7  8 
Відношення строгого порядку на мн-ні критеріїв
(впорядкування за спаданням важливості):
k5>k8>k6>k2>k4>k1>k10>k3>k9>k11>k12>k7
Відношення квазіпорядку на мн-ні критеріїв
(класи впорядковані за зростанням важливості):
{k1,k2,k8,k11} < {k4,k5,k12} < {k3,k6,k7,k9,k10} 