 1  1  8  6  7  1  5  3  3  1 10  5 
 1  1  5  6  6  1  5  3  3  1  4  4 
 1  1  5  5  1  1  1  3  3  1  4  4 
 1  1  5  5  1  1  1  3  3  1  4  4 
 4  7  8  8  6  4  8  5  5  2  9  4 
 9  8  8  8  6  9  8  9  9  8 10 10 
 9  8 10  8  6  9  8  9 10  9 10 10 
 9 10 10  8  9  9 10  9 10  9 10 10 
 9 10 10 10  9  9 10  9 10  9 10 10 
 1  7  4  1  3  4  7  6  3  5  2  8 
 9  8  8  8  9  9  8  9  9  8 10 10 
 9  8  8  8  9 10  8  9  9  8 10 10 
 1  1  5  2  1  1  1  3  3  1  4  2 
 6  6 10  2  5  4  1  6  3  5  4 10 
 4  6  9  2  5  4  1  6  2  5  4  4 
 4  6  9  8  5  9  3  6  3  5  4  7 
 1  1  5  6  1  1  3  3  3  1  4  4 
 4  2  7  8 10  1  6 10  9  9  5  5 
 5 10  7  8 10  2  8 10  9  9  5 10 
 1  5  2  4  1  1  6  9  6  1  5  8 
Відношення строгого порядку на мн-ні критеріїв
(впорядкування за спаданням важливості):
k3>k6>k9>k4>k1>k10>k11>k2>k8>k7>k12>k5
Відношення квазіпорядку на мн-ні критеріїв
(класи впорядковані за зростанням важливості):
{k1,k7,k11} < {k5,k6,k8} < {k2,k3,k4,k9,k10,k12} 