 6  6  2  9  5  7 10  5  5 10  7  9 
 6  6  3  9  5  9 10  5  5 10  7  9 
 6  8  5 10  8  9 10 10  6 10 10  9 
 6  8  5 10  8  9 10 10  6 10 10  9 
 3  5  5  6  3  7 10  6  6 10  3  9 
 3  5  5  7  3  7 10  9  7 10  5 10 
 6  5  8  7  5  7 10  9  7 10 10 10 
 6  3  5  1  5  7  1  8  7  7  8  6 
 4  3  4  1  1  2  1  8  3  7  8  6 
 8  9  5  5  1  2  4  9  5  7  8  8 
10  9  5  6  3  7 10  9 10 10  8  9 
 4  9  5  2  1  4  7  2  4  1  8  9 
 6 10  5 10  8  9 10 10  9 10 10  9 
 8 10  5 10  8  9 10 10  9 10 10  9 
 8 10  7 10  9  9 10 10  9 10 10  9 
 8 10  7 10  9  9 10 10  9 10 10 10 
 8 10  9 10  9  9 10 10  9 10 10 10 
 6  9  8  8  8  4  7  4  2  1  1 10 
 4  8  4  2  1  4  2  2  2  1  1  6 
 4  7  1  2  1  2  2  2  2  1  1  6 
Відношення строгого порядку на мн-ні критеріїв
(впорядкування за спаданням важливості):
k10>k8>k2>k1>k6>k4>k9>k7>k12>k3>k11>k5
Відношення квазіпорядку на мн-ні критеріїв
(класи впорядковані за зростанням важливості):
{k2,k4,k9,k11} < {k1,k5,k7,k10} < {k3,k6,k8,k12} 