 1  1  1  2 10  7  6  9  2  9 10  8 
 1  1  1  2  5  6  6  9  1  3  8  5 
 4  1  3  5 10  9  6  9  2  9 10  8 
 2  1  3  5  7  1  6  6  2  9  3  4 
 1  1  1  1  5  1  5  2  1  1  3  4 
 1  1  1  1  5  1  5  2  1  1  3  1 
 6  4  7  5  5  8  6  9 10  3  8  6 
 6 10  7  9  5  8  6  9 10  5  8  6 
 1  1  1  1  5  1  1  2  1  1  3  1 
 5  7  7  4  5  9  4  4 10  5  6  3 
 1  1  1  2  5  7  3  2  2  5  6  3 
 1  1  1  2  2  1  1  2  2  4  6  3 
 8  5  7  6  5  9  6  9 10  8 10  6 
 1  5  2  5  4  9  2  2  8  7 10  4 
 8  5  8  5  7  9  6 10  8  9 10  5 
 8  5  3  5  3  1  2  6  8  2  7  2 
 9  5  4  5  5  5  9  6  8  6  8  4 
 4  5  2  5  5  5  1  6  7  5  4  4 
 4  5 10  6  7  5  8  6  7  9  9 10 
 4  5  2  6  1  5  1  6  2  4  8 10 
Відношення строгого порядку на мн-ні критеріїв
(впорядкування за спаданням важливості):
k5>k9>k6>k3>k11>k1>k2>k10>k4>k12>k8>k7
Відношення квазіпорядку на мн-ні критеріїв
(класи впорядковані за зростанням важливості):
{k2,k4,k10} < {k1,k3,k5,k11} < {k6,k7,k8,k9,k12} 