 8  6  2  7  7  6  6  5  1  9  3  2 
 8  8 10  9  7 10  9  5  5  9  4 10 
 8 10 10  9  7 10  9  5  5  9  6 10 
 8  8  3  7  7  1  8  5  5  8  6  2 
 2  2  3  1  4  1  8  5  5  2  4  2 
 9  4  5  6 10  9  8  5  5  4  7  8 
 9  6  5  8 10  9  8  7  7  9  9 10 
 7  5  5  4 10  4  4  1  1  8  4  3 
 7  5  8  8 10 10  8  5  7  8  8  3 
 7  5  5  5  3  1  4  5  5  8  6  1 
 8  8  5  9  7  1  8 10  8  8 10  5 
 8  8  5  9  7  9  8 10  8  8 10  9 
 7  5  1  3  3  1  3  5  2  8  5  1 
 5  1  1  3  1  1  3  5  2  5  5  1 
 7  8 10  5  5 10  6  6  6  8  6  3 
 4  2  7  5  5 10  1  1  1  1  5  3 
 7  8  7  5 10 10 10  2  6  8  5  4 
 7  8  5  5  8  6  3  1  6  8  5  3 
 7  8  3  5  7  6  2  1  3  2  5  3 
 7  8  4  5  7  6  5  1 10  5  5  3 
Відношення строгого порядку на мн-ні критеріїв
(впорядкування за спаданням важливості):
k1>k8>k11>k10>k6>k3>k4>k2>k9>k7>k5>k12
Відношення квазіпорядку на мн-ні критеріїв
(класи впорядковані за зростанням важливості):
{k5,k9,k10,k11} < {k4,k12} < {k1,k2,k3,k6,k7,k8} 