10  5  9  2  5  6 10  9  8  3 10  2 
10  5  2  2  5  2  9  7  3  3  1  2 
 2  1  2  2  5  2  6  4  1  3  1  2 
 4  5  3  4  5  2  9  9  2  3  6  6 
 2  1  1  2  3  2  4  1  1  3  1  2 
 7  3  2  2  6  9  5  6  2 10  4  8 
 4  2  1  2  5  2  1  2  2  2  4  6 
 1  2  1  2  5  2  1  2  2  2  4  3 
 5 10  8  7  9  4  9  9  4 10  6 10 
 9 10  8  7  9  4  9  9  7 10  6 10 
 1  1  1  2  5  2  1  2  2  2  4  3 
 3  7  5  5 10  3  5 10  3  3 10  5 
10  7  9  5 10  6 10 10  8  3 10  5 
10  7  9  5 10  8 10 10  8  6 10  9 
 3  6  2  5  4  1  5  6  3  3  8  5 
 1  4  2  2  4  1  4  5  3  3  4  1 
10  9  3  6  8  6  9  9  8  8 10  6 
 7  4  3  2  3  2  4  4  4  5  2  6 
 1  2  1  2  1  2  1  2  1  2  2  3 
 1  2  1  2  1  2  1  1  1  2  2  3 
Відношення строгого порядку на мн-ні критеріїв
(впорядкування за спаданням важливості):
k3>k12>k5>k8>k7>k2>k1>k10>k9>k6>k4>k11
Відношення квазіпорядку на мн-ні критеріїв
(класи впорядковані за зростанням важливості):
{k2,k6,k8,k10} < {k5,k12} < {k1,k3,k4,k7,k9,k11} 