 4  4  1  1  5  1 10  7 10  6  9 10 
 9 10  3  4  7  9 10  7 10  6  9 10 
10 10  5  8  7  9 10  7 10  6  9 10 
10 10  7  8  7  9 10  7 10 10  9 10 
 1  5  3  4  2  9  3  7  8  4  8  6 
 1  5  3  4  2  9  3  1  7  1  1  6 
 4  5  3  9  6  9 10  9 10  6  9 10 
 4  5  3  9  6  2  1  8 10  6  9  6 
10 10  7 10 10  9 10 10 10 10  9 10 
10 10  7 10 10  9 10 10 10 10  9 10 
10 10  7 10 10  9 10 10 10 10  9 10 
10 10  9 10 10  9 10 10 10 10  9 10 
 1  5  3  4  2  9  3  6  3  4  7  6 
 1  5  3  4  2  2  3  4  2  4  7  3 
 1  5  3  4  2  2  1  4  1  2  7  3 
 1  5  3  4  1  2  1  4  1  2  3  3 
 2  7  7  4  8  8  5  9  8  9  7  8 
 2  3  7  4  1  5  4  9  3  3  6  1 
 4  5  7  9  6  8 10  9 10  6  9  6 
 7  8 10 10  6  8 10  9 10  6  9  6 
Відношення строгого порядку на мн-ні критеріїв
(впорядкування за спаданням важливості):
k8>k11>k9>k6>k2>k10>k1>k7>k5>k12>k4>k3
Відношення квазіпорядку на мн-ні критеріїв
(класи впорядковані за зростанням важливості):
{k1,k2,k8} < {k3,k4,k6,k7} < {k5,k9,k10,k11,k12} 