 1  4  9  1  8  2  3  9  4  8  8  1 
 9  4  9  7 10  9  7  9  7 10  8  7 
 9  4  9 10 10  9  9  9  8 10  8  7 
 8  3  6  1  6  3  2  4  8  1  5  6 
 8  4  9  3  9  7  7  9  8  8  8  6 
 5  4  8  2  3  2  3  8  8  8  4  3 
 8  4  9  3  9  8  7 10  8  8  8  6 
 8  4  8  3  8  8  5  1  1  7  2  6 
10 10  9  5 10  8  7 10  8  8  9  7 
 9 10  4  4  3  1  7  2  2  5  7  7 
 5  4  1  3  3  1  5  1  1  5  2  3 
 5 10  1  6  7  1  5  7  1  7  5 10 
 7 10  8  6  7  5  5  8  8  8  7 10 
 5  8  6  6  7  5  5  7  1  8  4  6 
 8  8  8  6  8  8  6  7  4  8  4  6 
 8  1  6  5  8  3  4  5  1  8  4  6 
 2  1  5  1  2  3  2  4  1  1  4  5 
 3  4  5  2  6 10  6  4  5  3  4  5 
 8  6  6  5  8 10  6  5  5  8  5  8 
 7  6  6  4  8  1  6  5  5  4  5  2 
Відношення строгого порядку на мн-ні критеріїв
(впорядкування за спаданням важливості):
k9>k10>k6>k3>k11>k8>k4>k2>k1>k12>k5>k7
Відношення квазіпорядку на мн-ні критеріїв
(класи впорядковані за зростанням важливості):
{k2,k3,k8} < {k7,k10,k12} < {k1,k4,k5,k6,k9,k11} 