 9 10  3  9  7  7  2  3  4  7  8 10 
 6  7  3  1  3  7  2  2  4  5  8  3 
 1  4  1  1  3  2  2  2  4  5  4  3 
 7  6  9  3  8  2  3  8  8  5  7  4 
 1  4  1  1  3  2  2  1  4  5  3  2 
 2  7  8  8  8  7  7  2 10  5 10  9 
 2  6  5  2  6  2  3  2  7  1  7  4 
 2  6  5  2  4  2  1  2  1  1  5  4 
 1  1  1  1  3  2  1  1  1  1  3  2 
10  8  6 10  4 10  9  9  9  2  6  8 
10  8  6 10  7 10  9 10  9  2  6  9 
 6  6  6 10  3  7  6  7  3  2  2  6 
 1  3  6  8  2  1  6  2  2  2  2  6 
 7  8  8  8  4  8  7  5  7  7  2  6 
 1  4  1  1  3  2  2  1  4  3  2  2 
 1  4  1  1  3  2  2  1  4  2  2  2 
 5  6 10  4  6  7  3  2  7  4  7  6 
 5  6 10  4  7  7  3  7 10  8  7  7 
 9 10 10  9  7  7  8  7 10  8  8 10 
 9 10 10  9  7  7  8  7 10  8  9 10 
Відношення строгого порядку на мн-ні критеріїв
(впорядкування за спаданням важливості):
k10>k5>k8>k7>k9>k3>k11>k12>k2>k6>k1>k4
Відношення квазіпорядку на мн-ні критеріїв
(класи впорядковані за зростанням важливості):
{k2,k8,k9,k10} < {k5,k7} < {k1,k3,k4,k6,k11,k12} 