R1 -------------------------
 1  1  0  1  1  1  1  1  1  1  1  1  1  1  1 
 1  1  0  1  1  1  1  1  1  1  1  1  1  1  1 
 1  1  1  1  1  1  1  1  1  1  1  1  1  1  1 
 0  0  0  1  1  0  0  1  1  1  1  0  0  1  1 
 0  0  0  1  1  0  0  1  1  1  1  0  0  1  1 
 1  1  0  1  1  1  1  1  1  1  1  1  1  1  1 
 1  1  0  1  1  1  1  1  1  1  1  1  1  1  1 
 0  0  0  1  1  0  0  1  1  1  1  0  0  1  1 
 0  0  0  1  1  0  0  1  1  1  1  0  0  1  1 
 0  0  0  1  1  0  0  1  1  1  1  0  0  1  1 
 0  0  0  1  1  0  0  1  1  1  1  0  0  1  1 
 1  1  0  1  1  1  1  1  1  1  1  1  1  1  1 
 1  1  0  1  1  1  1  1  1  1  1  1  1  1  1 
 0  0  0  1  1  0  0  1  1  1  1  0  0  1  1 
 0  0  0  1  1  0  0  1  1  1  1  0  0  1  1 
R2 -------------------------
 0  1  0  1  1  0  1  0  1  0  1  0  1  1  0 
 0  0  0  1  1  0  0  0  0  0  0  1  0  1  0 
 1  0  0  0  0  0  0  0  1  0  1  1  1  0  1 
 0  0  0  0  1  1  1  0  1  0  0  1  1  0  1 
 0  0  0  0  0  1  0  1  0  1  1  0  1  0  1 
 0  0  0  0  0  0  1  0  1  0  0  0  1  1  1 
 0  0  0  0  0  0  0  0  1  0  1  1  1  0  1 
 0  0  0  0  0  0  0  0  1  1  0  1  0  1  0 
 0  0  0  0  0  0  0  0  0  1  0  1  0  1  1 
 0  0  0  0  0  0  0  0  0  0  0  0  1  0  1 
 0  0  0  0  0  0  0  1  1  1  0  0  1  1  0 
 0  0  0  0  0  0  0  0  0  0  0  0  1  1  1 
 0  0  0  0  0  0  0  0  0  0  0  0  0  1  0 
 0  0  0  0  0  0  0  0  0  0  0  0  0  0  0 
 0  0  0  0  0  0  0  0  0  0  0  0  0  0  0 
R3 -------------------------
 0  0  1  1  0  1  0  0  1  1  0  1  0  0  1 
 1  0  1  1  0  0  0  1  1  1  0  1  0  0  1 
 0  0  0  1  0  1  1  1  1  0  0  0  1  1  0 
 0  0  0  0  0  0  1  1  0  0  0  0  0  0  1 
 0  0  0  1  0  0  1  0  0  0  0  0  0  1  1 
 0  0  0  0  0  0  0  0  0  0  0  0  1  0  1 
 0  0  0  0  0  0  0  1  0  0  0  0  0  1  1 
 0  0  0  0  0  1  0  0  0  0  1  1  1  0  1 
 0  0  0  0  1  1  0  0  0  0  1  1  1  1  0 
 0  0  0  0  0  0  0  0  1  0  1  1  0  0  0 
 0  0  0  0  0  0  0  0  0  0  0  0  1  1  0 
 0  0  0  0  0  1  0  0  0  0  0  0  0  1  0 
 0  0  0  0  0  0  0  0  0  0  0  0  0  1  0 
 0  0  0  0  0  0  0  0  0  0  0  0  0  0  1 
 0  0  0  0  0  0  0  0  0  0  0  0  0  0  0 
R4 -------------------------
 0  0  0  0  0  1  1  1  1  0  1  0  1  0  1 
 1  0  0  1  1  0  0  1  1  0  0  1  1  0  1 
 0  0  0  1  0  1  0  1  1  0  1  0  0  0  0 
 1  0  0  0  1  0  0  0  0  0  1  0  1  1  0 
 1  0  0  0  0  0  0  1  0  0  1  1  1  1  0 
 0  0  0  0  1  0  1  0  1  0  1  1  1  0  0 
 0  1  0  0  0  0  0  1  0  0  1  1  1  1  1 
 0  0  0  1  0  0  0  0  0  1  1  0  1  0  0 
 0  0  0  1  1  0  1  1  0  1  1  0  0  1  1 
 1  1  0  1  1  1  0  0  0  0  1  1  1  0  1 
 0  0  0  0  0  0  0  0  0  0  0  0  0  0  1 
 1  0  1  1  0  0  0  0  0  0  0  0  1  0  1 
 0  0  0  0  0  0  0  0  0  0  1  0  0  0  0 
 0  1  1  0  0  0  0  0  0  1  0  1  1  0  0 
 0  0  0  1  1  1  0  1  0  0  0  0  1  0  0 
R5 -------------------------
 0  1  1  0  0  1  1  0  0  1  0  0  0  0  0 
 0  0  1  0  1  1  1  1  0  0  1  1  1  1  1 
 0  0  0  1  1  0  1  0  1  1  0  0  0  0  1 
 0  0  0  0  1  0  0  1  0  0  1  0  1  0  0 
 0  0  0  0  0  1  1  1  0  0  0  1  1  1  1 
 0  0  0  0  0  0  1  0  1  0  0  1  1  0  1 
 0  0  0  0  0  0  0  0  0  1  1  0  1  0  1 
 0  0  0  0  0  1  0  0  1  1  0  0  0  0  1 
 0  0  0  0  0  0  0  0  0  1  1  1  0  1  1 
 0  0  0  0  0  0  0  0  0  0  0  1  0  0  1 
 0  0  0  0  0  0  0  0  0  0  0  1  0  0  0 
 0  0  0  0  0  0  0  0  0  0  0  0  0  0  1 
 0  0  0  0  0  0  0  0  0  0  1  0  0  1  0 
 0  0  0  0  0  0  0  0  0  0  0  0  0  0  1 
 0  0  0  0  0  0  0  0  0  0  0  0  0  0  0 
R6 -------------------------
 0  0  0  0  0  0  0  0  0  0  0  0  0  0  0 
 0  0  0  0  0  0  0  0  0  0  0  0  0  0  0 
 0  0  0  1  0  0  0  0  0  0  0  0  0  0  0 
 0  0  0  0  0  0  0  0  0  0  0  0  0  0  0 
 1  1  1  1  0  0  1  0  1  1  0  1  1  0  1 
 1  1  1  1  0  0  1  0  1  1  0  1  1  0  1 
 0  0  0  0  0  0  1  0  1  1  0  1  1  0  0 
 0  0  0  0  0  0  0  0  0  0  0  0  0  1  0 
 0  0  0  0  0  0  1  0  1  1  0  1  1  0  0 
 0  0  0  0  0  0  1  0  1  1  0  1  1  0  0 
 1  1  1  1  0  0  1  0  1  1  0  1  1  0  1 
 0  0  0  0  0  0  1  0  1  1  0  1  1  0  0 
 0  0  0  0  0  0  1  0  1  1  0  1  1  0  0 
 0  0  0  0  0  0  0  1  0  0  0  0  0  0  0 
 0  1  0  0  0  0  0  0  0  0  0  0  0  0  0 
R7 -------------------------
 1  1  0  0  0  1  0  0  0  0  0  1  0  0  1 
 1  1  0  0  0  1  0  0  0  0  0  1  0  0  1 
 0  0  0  0  0  0  0  0  0  0  0  0  0  0  0 
 1  1  1  0  1  1  0  0  1  1  1  1  0  0  1 
 0  0  1  0  0  0  0  0  0  0  0  0  0  0  0 
 1  1  0  0  0  1  0  0  0  0  0  1  0  0  1 
 0  0  0  0  0  0  0  0  0  0  0  0  0  1  0 
 1  1  1  0  1  1  0  0  1  1  1  1  0  0  1 
 0  0  0  0  0  0  0  0  0  0  0  0  0  0  0 
 0  0  0  0  0  0  0  0  0  0  1  0  0  0  0 
 0  0  0  0  0  0  0  0  0  0  0  0  0  0  0 
 1  1  0  0  0  1  0  0  0  0  0  1  0  0  1 
 1  1  1  0  1  1  0  0  1  1  1  1  0  0  1 
 0  0  0  0  0  0  1  0  0  0  0  0  0  0  0 
 1  1  0  0  0  1  0  0  0  0  0  1  0  0  1 
R8 -------------------------
 0  0  1  1  0  0  1  1  0  1  0  0  0  0  1 
 1  0  0  1  0  1  0  1  1  0  1  1  0  1  1 
 0  1  0  0  1  1  1  1  1  0  1  0  1  0  0 
 0  0  1  0  0  0  0  1  0  0  1  1  1  0  1 
 1  1  0  1  0  1  0  0  1  0  1  0  0  0  1 
 1  0  0  1  0  0  0  1  0  1  1  0  0  1  1 
 0  1  0  1  1  1  0  1  1  1  0  1  0  1  1 
 0  0  0  0  1  0  0  0  1  1  0  1  1  1  1 
 1  0  0  1  0  1  0  0  0  0  0  0  1  0  0 
 0  1  1  1  1  0  0  0  1  0  1  0  0  1  0 
 1  0  0  0  0  0  1  1  1  0  0  1  1  1  1 
 1  0  1  0  1  1  0  0  1  1  0  0  1  1  0 
 1  1  0  0  1  1  1  0  0  1  0  0  0  0  0 
 1  0  1  1  1  0  0  0  1  0  0  0  1  0  0 
 0  0  1  0  0  0  0  0  1  1  0  1  1  1  0 
R9 -------------------------
 0  1  1  0  1  1  0  1  0  0  0  1  1  1  1 
 0  0  0  0  0  0  0  0  0  0  0  0  0  0  0 
 0  1  1  0  1  1  0  1  0  0  0  1  1  1  1 
 0  0  0  0  0  0  0  0  0  0  0  0  0  0  0 
 0  1  1  0  1  1  0  1  0  0  0  1  1  1  1 
 0  0  0  0  0  0  0  0  0  0  0  0  0  0  0 
 0  1  1  0  1  1  0  1  0  0  0  1  1  1  1 
 0  0  0  0  0  0  0  0  0  0  0  0  0  0  0 
 0  0  0  0  0  0  0  0  0  0  0  0  0  0  0 
 0  0  0  0  0  0  0  0  0  0  0  0  0  0  0 
 0  1  1  0  1  1  0  1  0  0  0  1  1  1  1 
 0  0  0  0  0  0  0  0  0  0  0  0  0  0  0 
 0  0  0  0  0  0  0  0  0  0  0  0  0  0  0 
 0  0  0  0  0  0  0  0  0  0  0  0  0  0  0 
 0  0  0  0  0  0  0  0  0  0  0  0  0  0  0 
R10 -------------------------
 0  0  0  1  1  1  0  1  1  0  0  1  0  0  1 
 0  0  1  0  1  0  0  0  0  1  0  1  1  0  0 
 1  0  0  1  1  0  0  1  0  0  0  1  1  0  0 
 0  0  0  0  1  0  0  1  1  1  1  0  1  0  1 
 0  0  0  0  0  1  0  0  1  0  1  1  1  1  1 
 0  0  0  0  0  0  1  1  1  1  1  1  1  0  0 
 0  0  0  0  0  0  0  1  0  1  0  1  0  1  0 
 0  0  0  0  0  0  0  0  1  1  1  0  1  0  0 
 0  0  0  0  0  0  0  0  0  0  0  1  1  0  1 
 0  0  0  0  0  0  0  0  0  0  1  1  0  1  0 
 0  0  0  0  0  0  0  0  0  0  0  1  1  0  0 
 0  0  0  0  0  0  0  0  0  0  0  0  1  0  1 
 0  0  0  0  0  0  0  0  0  0  0  0  0  1  0 
 0  0  0  0  0  0  0  0  0  0  0  0  0  0  1 
 0  0  0  0  0  0  0  0  0  0  0  0  0  0  0 
